label	predict	score
1	1	0.98206276
-1	-1	0.0038821194
1	1	0.91566366
-1	1	0.6171816
-1	-1	0.11473574
-1	-1	0.006767991
-1	-1	0.0029138564
1	1	0.9991098
1	-1	0.055947527
-1	-1	0.4024775
-1	-1	0.041478373
-1	-1	0.002722585
-1	-1	0.0039903442
1	1	0.99789774
-1	-1	0.02033887
1	1	0.9915558
1	1	0.9932468
-1	-1	0.0032989553
1	1	0.99689734
-1	-1	0.0053552976
1	1	0.9891622
-1	-1	0.013480649
1	1	0.99692625
-1	-1	0.12632926
1	1	0.99477094
-1	-1	0.13177744
-1	-1	0.0026597907
-1	-1	0.0023271313
-1	-1	0.0039494084
-1	-1	0.39596814
1	1	0.98725116
1	1	0.9983444
-1	1	0.5844305
-1	-1	0.0034288415
1	-1	0.0038500745
-1	-1	0.0024417671
1	-1	0.4672935
1	1	0.9788912
-1	-1	0.1366973
-1	-1	0.08860011
1	1	0.99910754
-1	-1	0.09809969
1	1	0.99173486
-1	-1	0.08067374
1	1	0.756245
-1	-1	0.0032056454
1	1	0.99456936
-1	-1	0.0024953312
-1	-1	0.0036923517
1	1	0.9978483
1	1	0.7025224
1	1	0.99269015
1	1	0.9904364
-1	-1	0.0024287098
1	1	0.991155
1	1	0.9830809
-1	-1	0.0035824429
1	1	0.99808455
1	1	0.9796251
-1	-1	0.022298878
-1	-1	0.19797428
-1	-1	0.037633147
1	1	0.9990777
1	1	0.9962154
1	1	0.95143443
-1	-1	0.006184292
-1	-1	0.0030447112
1	1	0.9983746
1	1	0.9873073
1	1	0.5903077
-1	-1	0.0022625155
-1	-1	0.008255565
1	1	0.99213976
1	1	0.9982211
1	1	0.9953799
1	1	0.9980552
1	1	0.7938741
1	1	0.81761795
-1	-1	0.01861323
-1	-1	0.0030387181
-1	-1	0.0022848374
-1	-1	0.026600279
1	1	0.52749634
1	1	0.99633384
1	1	0.8174003
1	1	0.97582895
1	1	0.9947007
-1	-1	0.027783269
-1	-1	0.0020403983
1	1	0.99892443
-1	-1	0.002820509
-1	-1	0.010484277
1	1	0.9960543
1	1	0.96834654
-1	-1	0.0028462247
-1	-1	0.002995267
-1	-1	0.0015275518
1	1	0.98884064
1	1	0.9877511
-1	-1	0.0026845871
-1	-1	0.0028983483
1	1	0.9851945
-1	-1	0.0031056746
-1	-1	0.12031461
-1	-1	0.0032862301
-1	-1	0.0027036592
-1	-1	0.0019233814
1	1	0.9985752
1	1	0.90149343
-1	-1	0.012594131
1	1	0.9939282
1	1	0.9913306
1	1	0.9974867
1	1	0.99897385
1	1	0.99862707
1	1	0.99714726
-1	-1	0.002519089
1	1	0.9521423
1	1	0.98395675
-1	-1	0.014779845
1	1	0.9804315
-1	-1	0.0022243347
1	1	0.9960038
1	1	0.9566179
-1	-1	0.093483835
-1	-1	0.0033696839
-1	-1	0.010443204
-1	-1	0.0023726106
-1	-1	0.0018322741
-1	-1	0.0039649582
-1	-1	0.0030458495
1	1	0.99166894
1	1	0.9974355
-1	-1	0.00339643
-1	-1	0.0031985007
1	1	0.9970451
-1	-1	0.0023391873
-1	-1	0.0035187854
1	1	0.99388003
1	1	0.92168397
-1	-1	0.105013475
1	1	0.99238294
1	1	0.9913209
1	1	0.9990482
-1	-1	0.37520972
1	1	0.978136
1	1	0.99144113
-1	-1	0.0027452998
-1	-1	0.002874076
-1	-1	0.018085962
1	1	0.9984862
-1	-1	0.0030070953
1	1	0.98787594
1	1	0.9953792
-1	-1	0.026358051
1	-1	0.1324233
1	1	0.9862918
-1	-1	0.010493929
1	1	0.9967744
1	1	0.9760819
-1	-1	0.15890539
-1	-1	0.0025494157
1	1	0.9958211
1	1	0.99302435
1	1	0.9932138
-1	-1	0.0030842186
-1	-1	0.0028983385
1	1	0.9895678
-1	-1	0.0030843006
-1	1	0.9891606
1	1	0.8359156
-1	-1	0.0038429308
1	1	0.94497466
1	1	0.99488765
1	1	0.9579492
1	1	0.9977289
1	1	0.75841916
-1	-1	0.023234727
-1	-1	0.07683427
-1	-1	0.077606976
1	1	0.997912
-1	-1	0.26876214
-1	-1	0.32414544
-1	-1	0.0036481114
-1	1	0.7087976
1	1	0.9934135
-1	-1	0.0035066383
1	1	0.9584088
1	1	0.9985347
1	1	0.9938682
-1	-1	0.0044965097
-1	-1	0.0031438475
1	1	0.99364895
-1	-1	0.076901644
1	1	0.9885091
-1	-1	0.0031592727
1	1	0.9977456
-1	-1	0.0024660102
-1	-1	0.0029127432
1	1	0.99532133
-1	1	0.82343304
-1	-1	0.0029882523
-1	-1	0.30856308
-1	-1	0.0031352458
1	1	0.998247
1	1	0.993618
1	1	0.99783355
1	1	0.99390393
1	1	0.6360421
1	1	0.9972077
-1	-1	0.0031180517
1	1	0.9984333
-1	-1	0.11184121
1	1	0.9919727
-1	-1	0.028138092
1	1	0.96267956
-1	-1	0.012429826
1	1	0.9599371
1	1	0.99829954
1	1	0.99390066
-1	-1	0.0030034315
1	1	0.9979614
-1	-1	0.23661664
-1	-1	0.0029999472
-1	-1	0.0026690897
1	1	0.9943335
1	1	0.991865
-1	-1	0.07502097
1	1	0.9966949
1	1	0.9972752
1	1	0.99486476
1	1	0.9948278
1	1	0.99513215
-1	-1	0.0037367747
-1	-1	0.005365619
1	1	0.9987204
1	1	0.9987814
-1	-1	0.0024330958
-1	-1	0.0024101716
1	1	0.99915755
1	1	0.99494547
1	1	0.81887835
1	1	0.99090135
1	1	0.99787045
1	1	0.91401875
-1	1	0.68779314
1	1	0.980706
1	1	0.9873346
1	1	0.99530774
1	1	0.99669826
-1	-1	0.0042579537
1	1	0.9890906
1	1	0.9934563
1	1	0.99642533
1	1	0.9642602
1	1	0.995086
-1	-1	0.0022476718
1	1	0.9983553
-1	1	0.7636355
-1	-1	0.0030022417
-1	-1	0.028555803
-1	-1	0.0027657433
-1	-1	0.0029098974
-1	-1	0.0044509964
1	1	0.9878284
1	1	0.9868124
-1	-1	0.2550045
1	1	0.99712986
-1	-1	0.33715007
-1	-1	0.02516504
1	1	0.9975555
1	1	0.9813486
-1	-1	0.0024092582
1	1	0.9839624
1	1	0.97464234
1	1	0.9776199
1	1	0.99586606
-1	-1	0.0028825607
-1	-1	0.004325538
1	1	0.9985569
1	1	0.7603556
-1	1	0.60036224
-1	-1	0.0033044724
-1	-1	0.002575015
-1	-1	0.19722818
1	1	0.9987771
-1	-1	0.16996665
-1	-1	0.00518017
1	1	0.9860119
-1	-1	0.008392548
-1	-1	0.0069127255
1	1	0.9230709
-1	-1	0.0032742363
-1	-1	0.0030549935
-1	-1	0.016866975
-1	-1	0.0040261634
-1	-1	0.05558829
-1	-1	0.0015850232
-1	-1	0.00544517
1	1	0.9773741
1	1	0.9929128
1	1	0.99400085
-1	-1	0.003831495
1	1	0.97503936
-1	-1	0.0058296733
-1	-1	0.003310863
1	1	0.99273723
1	1	0.877376
-1	-1	0.0024286762
1	1	0.9838801
-1	-1	0.06426465
1	1	0.959637
1	1	0.9873511
1	1	0.998539
-1	-1	0.0022425042
1	1	0.9824582
-1	-1	0.004431928
1	1	0.9959194
-1	-1	0.1068993
1	1	0.99499017
1	1	0.9974605
-1	-1	0.0022944894
-1	1	0.6073235
-1	-1	0.15681835
1	1	0.95724064
-1	-1	0.0027858047
-1	-1	0.004402133
-1	1	0.54733676
-1	-1	0.003626796
1	1	0.9968876
-1	-1	0.0033341807
1	1	0.9956108
-1	-1	0.012701128
-1	-1	0.0026198793
-1	-1	0.0051164664
-1	1	0.7969671
1	1	0.9560309
-1	-1	0.013503471
-1	-1	0.0027930443
1	1	0.9970493
1	1	0.9985739
-1	-1	0.10280207
1	1	0.9937441
-1	-1	0.040758498
-1	-1	0.0025568313
1	1	0.9904351
1	1	0.9948026
1	1	0.99492455
1	1	0.99777836
1	1	0.9967715
1	1	0.9830273
-1	-1	0.0017402412
1	1	0.99655104
-1	-1	0.0021379692
1	1	0.9969554
-1	-1	0.0029184863
1	1	0.99794227
1	1	0.9819354
1	1	0.95962447
1	1	0.9769306
-1	-1	0.08449045
1	1	0.99584323
-1	-1	0.22227713
1	1	0.9981698
1	1	0.99155277
-1	-1	0.080161765
-1	-1	0.002530577
1	1	0.9958182
-1	-1	0.002787807
1	1	0.9989819
1	1	0.99146664
-1	-1	0.0037849105
1	1	0.99596477
-1	-1	0.0024713816
1	1	0.9975304
1	1	0.9986733
1	1	0.94711053
1	1	0.99843794
1	1	0.9878925
1	1	0.9512168
-1	-1	0.019782709
1	1	0.9769647
-1	-1	0.0034071885
1	1	0.99565864
1	1	0.93820906
-1	-1	0.0019395006
-1	-1	0.0027964166
-1	-1	0.22790729
-1	-1	0.0038702914
1	1	0.95257753
1	1	0.98304117
1	1	0.9396027
-1	-1	0.0035400398
-1	-1	0.0030299413
1	1	0.996104
1	1	0.9970107
1	1	0.9970138
-1	-1	0.0032535163
1	-1	0.0654474
-1	-1	0.055741794
1	1	0.9975025
1	1	0.9849473
-1	-1	0.0065400396
1	1	0.9916543
-1	-1	0.032124896
-1	-1	0.0017900707
1	1	0.8725385
1	1	0.9934756
-1	-1	0.13031211
1	1	0.9965509
-1	1	0.9243201
-1	-1	0.0020993054
1	1	0.9849962
1	1	0.9956885
-1	-1	0.002784279
-1	-1	0.003037269
-1	-1	0.0029874737
-1	-1	0.003207329
-1	-1	0.0030347316
-1	-1	0.2282089
-1	-1	0.33803225
-1	-1	0.12188487
1	1	0.97607625
1	1	0.98286104
1	1	0.9989722
1	1	0.97742826
1	1	0.8937719
-1	-1	0.00404857
1	1	0.99834406
1	1	0.9858554
-1	-1	0.12688321
1	1	0.9885811
1	1	0.99061245
-1	1	0.6299228
-1	-1	0.0023645868
1	1	0.98793983
-1	-1	0.0029063548
1	1	0.95604724
1	1	0.908688
1	-1	0.05589257
1	1	0.99713683
1	1	0.86981267
1	1	0.81737024
-1	-1	0.0019518732
-1	-1	0.0027011493
-1	-1	0.0023986755
1	1	0.9921893
1	1	0.99665123
-1	-1	0.06889071
-1	-1	0.0035254029
-1	-1	0.20916651
-1	-1	0.0034556838
1	1	0.993166
-1	-1	0.0026519794
-1	-1	0.004096366
-1	-1	0.0043195086
1	1	0.9954731
-1	-1	0.0031565214
-1	-1	0.06551017
-1	-1	0.019170634
1	1	0.97118807
-1	-1	0.0021258248
-1	-1	0.0027984323
-1	-1	0.092213444
-1	-1	0.11240799
1	1	0.99872774
1	1	0.99833053
1	1	0.9974625
-1	-1	0.0025862174
-1	-1	0.0065273526
1	-1	0.34722152
-1	-1	0.005288905
-1	-1	0.0028698333
-1	-1	0.28509942
1	1	0.6962009
-1	1	0.60681
1	1	0.9929997
1	1	0.9812268
1	1	0.9973488
1	1	0.99003416
-1	-1	0.0048334817
-1	-1	0.004462206
1	1	0.79593974
1	1	0.9935607
-1	-1	0.09302536
1	1	0.9948809
-1	-1	0.002728895
-1	-1	0.0033060655
-1	-1	0.003705145
1	1	0.9944565
-1	-1	0.0024918448
-1	1	0.6810008
1	1	0.9813286
1	1	0.9932594
1	1	0.9912176
1	1	0.9969488
1	1	0.99741
1	1	0.95257753
-1	-1	0.0668948
1	1	0.99580044
1	1	0.99890673
1	1	0.995889
1	1	0.9954059
1	1	0.9891368
1	1	0.9968843
-1	-1	0.0025599455
1	1	0.99865973
1	1	0.9988176
1	1	0.9888031
1	1	0.7338172
1	1	0.99689806
-1	-1	0.003271006
1	1	0.89452094
-1	-1	0.054681152
-1	-1	0.10554667
1	1	0.98925346
-1	-1	0.0026315062
-1	-1	0.0030097982
-1	-1	0.0035027512
1	1	0.992736
1	1	0.99928063
1	1	0.9856948
-1	1	0.73745507
1	1	0.9189592
-1	-1	0.0028297212
1	1	0.97629493
1	1	0.99170554
1	1	0.99611616
1	1	0.91622543
1	1	0.89845717
1	1	0.9956376
1	1	0.77693474
-1	-1	0.0033607155
-1	-1	0.003560221
1	1	0.99493754
1	1	0.9958364
-1	-1	0.0039776657
1	1	0.94139034
1	1	0.997654
1	1	0.9940964
-1	-1	0.054760482
1	1	0.9877963
1	1	0.9890188
-1	-1	0.03486806
1	1	0.9980882
1	1	0.7386172
1	1	0.999172
1	1	0.9934563
-1	-1	0.3047559
-1	-1	0.0024173753
-1	-1	0.092986785
-1	-1	0.0038649128
-1	-1	0.00315777
1	1	0.9941757
1	1	0.99725455
-1	-1	0.0030307036
-1	-1	0.0038183066
1	1	0.9948244
-1	-1	0.0016860234
1	1	0.9940499
1	1	0.95796025
-1	-1	0.0030934457
1	1	0.9117892
1	1	0.9685744
-1	-1	0.2868522
1	1	0.99680483
1	1	0.99732935
1	1	0.9914693
-1	-1	0.0030214416
1	1	0.9975483
1	1	0.85251796
1	1	0.99328035
-1	-1	0.008910128
1	1	0.9987515
1	1	0.5465423
-1	-1	0.0017326665
-1	-1	0.31250116
-1	-1	0.0039765076
1	1	0.9823496
-1	-1	0.005519923
-1	-1	0.0028788089
1	1	0.96568274
-1	-1	0.008266483
1	1	0.99256223
1	1	0.97447723
-1	-1	0.03631751
-1	-1	0.0103510115
-1	-1	0.0032145507
-1	-1	0.066029765
1	1	0.9947466
-1	-1	0.0020831015
-1	-1	0.002807566
-1	-1	0.027358389
-1	-1	0.0031976418
1	1	0.9860119
-1	-1	0.08182824
1	1	0.835404
-1	-1	0.10215339
-1	-1	0.0015358924
-1	-1	0.0034681994
1	1	0.9935086
-1	-1	0.14825189
1	1	0.9991573
-1	-1	0.004045564
-1	-1	0.0036266237
-1	-1	0.0027728847
-1	-1	0.0046662097
-1	-1	0.002193448
1	1	0.9946137
1	1	0.9983772
1	1	0.9972516
-1	-1	0.32348636
1	1	0.9604324
-1	-1	0.0049451697
-1	-1	0.0028966803
-1	-1	0.05201398
-1	-1	0.003005177
-1	-1	0.0027862778
-1	-1	0.0033975053
1	1	0.851832
-1	-1	0.015008374
1	1	0.9555553
-1	-1	0.0037868172
1	1	0.9898573
-1	-1	0.0027199865
-1	-1	0.0033121926
-1	-1	0.0028625191
-1	-1	0.014625604
-1	-1	0.002696162
1	1	0.99512285
1	1	0.99682367
1	1	0.9901164
-1	-1	0.0024579908
-1	-1	0.0023132127
-1	-1	0.002675725
1	1	0.9092109
-1	-1	0.001957735
1	1	0.99899024
1	1	0.9987226
-1	-1	0.0022555208
-1	-1	0.0040190755
-1	1	0.7366615
-1	-1	0.00784618
1	1	0.92705077
1	1	0.99871135
1	1	0.9787619
-1	-1	0.0029490285
-1	-1	0.0030425931
1	1	0.9972778
-1	1	0.7076301
-1	1	0.8341326
1	1	0.9633955
1	1	0.9967558
1	1	0.6891765
1	1	0.9920477
-1	-1	0.046991676
1	1	0.9982187
1	1	0.999111
1	1	0.88839656
1	1	0.8582237
1	1	0.7326324
-1	-1	0.0033746008
-1	-1	0.0025064277
-1	-1	0.004256907
1	1	0.9847595
1	1	0.986761
-1	-1	0.0071679656
1	1	0.99553764
1	1	0.9959286
-1	-1	0.0019889486
1	1	0.83205676
1	1	0.9955367
-1	-1	0.010320863
-1	-1	0.0048410106
-1	-1	0.014988057
-1	-1	0.14886637
-1	-1	0.001615382
1	1	0.94504684
-1	-1	0.05397677
1	1	0.9886496
1	1	0.9921989
1	1	0.9559034
-1	-1	0.0018477803
1	1	0.9963678
1	1	0.9811555
1	1	0.93996525
1	1	0.9971807
1	1	0.9988894
-1	-1	0.0045025414
-1	-1	0.053824965
-1	-1	0.22880407
1	1	0.987496
-1	-1	0.004168678
-1	-1	0.011791076
1	1	0.99236757
1	1	0.9962334
1	1	0.9952662
-1	-1	0.04042753
1	1	0.9045304
1	1	0.9962753
-1	-1	0.0035292106
1	1	0.99019706
1	-1	0.16273257
-1	-1	0.04161405
1	1	0.9989642
-1	-1	0.018709004
1	1	0.993447
-1	-1	0.0022482313
-1	-1	0.03959856
1	1	0.99843794
-1	-1	0.23695509
-1	-1	0.004159964
1	1	0.9930118
1	1	0.984767
1	1	0.98224396
-1	1	0.55392
-1	-1	0.0019306468
-1	-1	0.14057808
1	1	0.998909
1	1	0.95852894
-1	1	0.95132166
-1	-1	0.11703959
-1	-1	0.0030510258
-1	-1	0.003267892
-1	-1	0.0021544304
1	1	0.9940799
1	1	0.9266573
1	1	0.9946785
1	1	0.97991323
-1	-1	0.0023516887
1	1	0.9756585
1	1	0.9908242
-1	1	0.5969929
1	1	0.9947048
1	1	0.9964772
1	1	0.987615
1	1	0.9959929
1	1	0.9970763
-1	-1	0.0030231432
1	1	0.8096992
1	1	0.9790622
-1	-1	0.0026697526
-1	-1	0.006330808
-1	1	0.7847932
1	1	0.99008733
1	1	0.73109424
-1	-1	0.0042692693
1	1	0.86845803
1	1	0.943572
-1	-1	0.0027626662
-1	-1	0.07258482
-1	-1	0.00675071
-1	-1	0.0022188039
-1	-1	0.0031138435
1	1	0.9961815
1	1	0.97922933
1	1	0.9927538
1	1	0.99616677
-1	-1	0.03656614
1	1	0.9954814
1	1	0.999041
-1	-1	0.12849182
-1	-1	0.0025897496
-1	-1	0.0032755143
1	1	0.99857235
1	1	0.9933955
1	1	0.9963904
-1	1	0.59515333
-1	-1	0.08505648
1	1	0.9976507
-1	-1	0.0047229845
1	1	0.9980274
-1	-1	0.0027872927
1	1	0.77127117
-1	-1	0.03380602
1	1	0.93866587
1	1	0.9788119
1	1	0.88746005
-1	-1	0.28394884
-1	-1	0.004913582
-1	-1	0.0030036487
1	1	0.99910754
1	1	0.97226983
-1	-1	0.0035444496
-1	-1	0.013952752
1	1	0.9904095
-1	-1	0.16199134
1	1	0.5398564
-1	-1	0.0027469872
-1	-1	0.059810754
-1	-1	0.0035379264
1	1	0.97411627
-1	-1	0.0025210262
-1	-1	0.002566382
1	1	0.99024206
1	1	0.99755305
1	1	0.90530705
1	1	0.9989318
-1	-1	0.0034998164
-1	-1	0.19156528
-1	-1	0.24061666
1	1	0.99185187
1	1	0.994399
-1	-1	0.102891654
-1	-1	0.004798748
1	1	0.99448377
1	1	0.99584323
1	1	0.9924913
1	1	0.98865825
-1	-1	0.0043332092
-1	-1	0.08272746
1	1	0.99827313
1	1	0.98239833
1	1	0.5800678
1	-1	0.4238904
-1	-1	0.005055969
1	1	0.97986734
1	1	0.99473095
1	1	0.96244895
1	1	0.99803704
1	1	0.998939
-1	-1	0.0018047156
1	1	0.92879426
-1	-1	0.04901625
1	1	0.9993856
1	1	0.99661094
1	1	0.9165896
-1	-1	0.0025909126
-1	-1	0.016743574
-1	-1	0.0030167229
-1	-1	0.0038152009
1	1	0.93292063
-1	-1	0.0027521518
1	1	0.9965718
1	1	0.9929
1	1	0.9980045
1	1	0.9539349
-1	-1	0.08403891
-1	-1	0.002112794
1	1	0.9979845
-1	-1	0.002546052
1	1	0.9954514
-1	-1	0.002835045
1	1	0.95556086
1	1	0.99627656
-1	-1	0.002467328
1	1	0.9980268
-1	-1	0.0031687447
-1	-1	0.003569315
1	-1	0.4348849
1	1	0.9964934
-1	-1	0.002747587
-1	-1	0.0025916323
-1	-1	0.06823323
-1	-1	0.110238075
1	1	0.95270485
1	1	0.9859341
-1	-1	0.0016586208
-1	-1	0.3251645
1	1	0.98666674
1	1	0.99600005
1	1	0.9979557
-1	-1	0.122492634
-1	-1	0.0029401444
1	1	0.9989103
-1	-1	0.0023666823
-1	-1	0.022160709
1	1	0.94116104
-1	-1	0.030201262
-1	-1	0.0036068335
-1	-1	0.0021890898
-1	-1	0.30516598
1	1	0.9989427
-1	-1	0.0022309846
1	1	0.6530352
-1	-1	0.0036938288
-1	-1	0.0034786072
1	1	0.8958488
1	1	0.81442386
1	1	0.998968
-1	-1	0.0037960005
1	1	0.98517936
-1	-1	0.0032981776
1	1	0.9962063
1	1	0.9938782
1	1	0.98745257
-1	-1	0.18685922
1	1	0.9969021
-1	-1	0.0028730347
-1	-1	0.13792227
1	1	0.99894553
1	1	0.9392325
-1	-1	0.010801225
-1	-1	0.004174673
1	-1	0.043584947
-1	-1	0.020064691
-1	-1	0.0027914708
1	1	0.9778717
-1	-1	0.0033620384
1	1	0.6041831
-1	-1	0.24262556
-1	-1	0.29355153
1	1	0.99439985
-1	-1	0.0042395955
1	1	0.9851614
-1	-1	0.004878535
1	1	0.9976903
1	1	0.9982868
-1	-1	0.0061089303
1	1	0.9496641
-1	-1	0.003582295
1	1	0.98997784
1	1	0.9923504
-1	-1	0.041761562
1	1	0.9996289
1	1	0.99236065
1	1	0.99922204
1	1	0.50300443
-1	-1	0.007748062
-1	1	0.75926554
1	1	0.9494881
1	1	0.95257753
1	1	0.99629277
1	1	0.98209065
-1	-1	0.0032307168
1	1	0.98448664
1	1	0.98673683
1	1	0.99545467
1	1	0.9608527
1	1	0.9949719
-1	-1	0.002691032
-1	-1	0.0034312387
-1	-1	0.0013059066
-1	1	0.9174118
1	1	0.92888
-1	-1	0.3224669
1	1	0.9804771
1	1	0.997474
1	1	0.9973909
-1	-1	0.47172275
1	1	0.9854676
1	1	0.9987826
1	1	0.8841333
1	1	0.68168175
1	1	0.9958741
1	1	0.9981299
-1	-1	0.24259785
1	1	0.9990447
1	1	0.97184664
-1	-1	0.023876647
-1	-1	0.004401087
-1	-1	0.0032452245
-1	-1	0.33940628
1	1	0.99840873
-1	-1	0.0037855401
-1	-1	0.005066823
1	1	0.98891336
1	1	0.9478306
-1	-1	0.0029202043
-1	1	0.5212147
-1	-1	0.013622316
-1	-1	0.0018079755
1	1	0.9950642
-1	-1	0.010585101
-1	-1	0.21367843
1	1	0.99616313
1	1	0.9990982
-1	-1	0.002747188
1	1	0.98986024
-1	-1	0.002908095
-1	-1	0.14058715
1	-1	0.10285485
-1	1	0.812216
-1	-1	0.49138296
-1	-1	0.01934496
1	1	0.97078943
-1	-1	0.016979046
1	1	0.9975635
1	1	0.8838484
1	1	0.9953816
-1	-1	0.0021564858
1	1	0.9303116
-1	-1	0.0034575493
-1	-1	0.008498914
-1	1	0.5567925
1	1	0.99202853
1	1	0.93439555
1	1	0.94284785
-1	-1	0.032761507
-1	-1	0.0025363404
-1	-1	0.0037730734
-1	-1	0.002075651
-1	-1	0.121205784
1	1	0.9822097
1	1	0.59846985
-1	-1	0.0032677427
1	1	0.99608177
1	1	0.99769515
-1	-1	0.0028256366
1	1	0.9553654
-1	-1	0.0028583654
-1	-1	0.04843798
1	1	0.99456936
-1	-1	0.09715487
-1	-1	0.0018818455
1	1	0.9477969
1	1	0.9952512
1	1	0.9982948
1	1	0.98943347
1	-1	0.34791434
-1	-1	0.0027183185
1	1	0.9974446
1	1	0.91186005
1	1	0.97682595
1	1	0.99061745
1	1	0.98585945
-1	-1	0.35780302
-1	-1	0.08620906
-1	-1	0.003780411
1	1	0.9780629
-1	-1	0.004194396
1	1	0.9246812
-1	-1	0.0020741757
-1	-1	0.0021992247
1	1	0.98961174
-1	-1	0.016573349
-1	-1	0.003764838
1	1	0.93905306
1	1	0.9536263
-1	-1	0.0025850392
-1	-1	0.0031130179
-1	-1	0.0044943416
1	1	0.84472495
-1	-1	0.0052747047
1	1	0.75401247
1	1	0.9980629
-1	-1	0.0015968775
1	1	0.99683917
1	1	0.992694
1	1	0.99593425
-1	-1	0.002955783
-1	-1	0.013978963
1	1	0.9904999
1	1	0.99661344
-1	-1	0.0018283364
1	1	0.98609215
1	1	0.9986265
1	1	0.99463814
1	1	0.99593073
-1	-1	0.0032899494
1	1	0.9655596
1	1	0.99025774
1	1	0.9705696
1	1	0.95474386
1	1	0.9954319
-1	-1	0.010631686
-1	-1	0.0032356738
-1	-1	0.004715819
1	1	0.9989188
-1	-1	0.0038118204
1	1	0.72100186
-1	-1	0.0018013692
1	1	0.98853695
-1	-1	0.0027442686
1	1	0.99404293
1	1	0.9875135
1	1	0.9948894
-1	-1	0.002294615
1	1	0.926366
1	1	0.9979557
1	1	0.9970759
-1	-1	0.0027043393
1	1	0.57499164
1	1	0.9907883
-1	-1	0.11397019
1	1	0.99852186
-1	-1	0.0029770443
-1	-1	0.013832717
-1	-1	0.0041244775
1	1	0.9968196
-1	-1	0.0026945856
1	1	0.9982079
1	1	0.98193884
-1	-1	0.0034290662
-1	-1	0.0125466455
1	1	0.9934963
-1	-1	0.002498743
-1	-1	0.19877575
1	1	0.99886096
-1	-1	0.013002788
1	1	0.960568
1	1	0.9929646
-1	-1	0.22207092
-1	-1	0.002255041
-1	-1	0.0030225108
-1	-1	0.036077533
1	1	0.6713386
-1	-1	0.005157665
1	1	0.99353445
1	1	0.9842014
1	1	0.7498692
1	1	0.997619
-1	-1	0.22335157
1	1	0.9594608
-1	-1	0.0031288275
1	1	0.9940587
1	1	0.9884843
1	1	0.9934273
1	1	0.9942009
1	1	0.9907251
1	1	0.99841523
-1	-1	0.002168898
-1	-1	0.0023673703
1	1	0.92800313
-1	-1	0.017653475
1	1	0.99490994
1	1	0.99932563
-1	-1	0.09698723
1	1	0.96214515
1	1	0.99656504
1	1	0.99772435
-1	1	0.8813667
-1	-1	0.09549751
1	1	0.99858654
1	1	0.98153746
-1	-1	0.0024919915
-1	-1	0.0025089206
-1	-1	0.0041804886
1	1	0.9860903
1	1	0.9967968
-1	-1	0.0646213
1	1	0.719249
-1	1	0.579098
-1	-1	0.0021838157
-1	-1	0.0028370798
-1	-1	0.051161014
1	1	0.99791485
1	1	0.9966029
1	1	0.99876094
1	1	0.98314536
1	1	0.9979146
-1	-1	0.006939864
1	1	0.9678274
1	1	0.965357
1	1	0.99147743
1	1	0.9597381
-1	-1	0.062500946
1	1	0.9062073
-1	-1	0.17952558
-1	-1	0.09792917
1	1	0.99877876
-1	-1	0.0019662385
1	1	0.9927176
-1	-1	0.0020957345
1	1	0.9902776
1	1	0.99920243
-1	-1	0.0028406298
-1	1	0.681684
1	-1	0.26315123
1	1	0.997888
-1	-1	0.002186735
-1	1	0.75082684
1	1	0.98159766
1	1	0.9909264
1	1	0.98590046
1	-1	0.0299236
1	1	0.99691355
-1	-1	0.015919711
1	1	0.8503894
1	1	0.9858065
-1	-1	0.17370737
1	1	0.9938736
1	1	0.9980951
1	1	0.9949065
-1	-1	0.0210016
1	1	0.99140036
-1	-1	0.1953209
1	1	0.9905556
1	1	0.9922725
-1	-1	0.0037316051
1	1	0.9980236
1	1	0.99625945
-1	-1	0.0021084114
-1	-1	0.20564911
1	1	0.7580594
1	1	0.9363372
1	1	0.99427915
-1	-1	0.0018743005
-1	-1	0.07292225
-1	-1	0.043012258
1	1	0.9953518
-1	-1	0.3987445
1	1	0.6622663
-1	-1	0.025398737
1	1	0.7248575
1	1	0.79385865
1	1	0.9890188
-1	-1	0.007145728
1	1	0.9905323
-1	-1	0.0037786628
1	-1	0.39332682
-1	-1	0.0022008931
1	1	0.9949635
1	1	0.98609364
-1	-1	0.001996648
-1	1	0.9112441
-1	-1	0.002483204
-1	-1	0.0030960345
-1	-1	0.34967828
1	1	0.91817856
1	1	0.96891093
-1	-1	0.002739218
1	1	0.9914717
1	-1	0.49950853
-1	-1	0.35735095
-1	-1	0.20846064
-1	-1	0.3789722
1	1	0.9628537
1	1	0.996597
1	1	0.9991371
-1	-1	0.0036804967
1	1	0.9903363
1	1	0.9995036
-1	-1	0.0032742568
-1	-1	0.035160154
-1	-1	0.029669931
-1	-1	0.0028429625
1	1	0.59081095
1	1	0.92888
-1	-1	0.0035269677
1	1	0.991622
-1	1	0.73527646
-1	-1	0.0020358756
1	1	0.9981919
1	1	0.8270164
1	1	0.99551094
1	1	0.8889167
-1	-1	0.03825759
-1	-1	0.0021793803
-1	-1	0.25547615
1	1	0.9722207
1	1	0.9982644
1	1	0.98913795
-1	1	0.68534946
1	1	0.9854214
-1	-1	0.0017842606
1	1	0.9982948
-1	-1	0.013863165
-1	-1	0.003810104
1	1	0.9986356
1	1	0.8050016
1	1	0.9905855
-1	-1	0.0036980566
1	1	0.95733315
-1	-1	0.0028268783
1	1	0.6382538
-1	-1	0.062004376
1	1	0.98233736
-1	-1	0.0028991066
1	1	0.95284444
1	1	0.99765694
-1	-1	0.003527638
1	1	0.9858554
1	1	0.9903222
-1	-1	0.00235538
-1	-1	0.2012936
1	1	0.9979997
-1	-1	0.0044357614
1	1	0.9929289
1	1	0.6658208
1	1	0.99188566
1	1	0.9986332
1	1	0.9982059
-1	1	0.77927697
-1	-1	0.0016974814
-1	-1	0.003007022
-1	-1	0.0027575619
-1	-1	0.0052321637
1	1	0.9890745
-1	-1	0.002539299
-1	-1	0.051311094
1	1	0.95718616
1	1	0.99733514
1	1	0.9169638
1	1	0.9971085
-1	-1	0.0045895916
1	1	0.9685744
-1	-1	0.02284824
1	1	0.9990545
1	1	0.82267094
1	1	0.99832386
-1	-1	0.056201298
-1	-1	0.0036887112
1	1	0.9791438
-1	-1	0.0032270844
1	1	0.99224055
1	1	0.9406147
-1	-1	0.15627584
1	1	0.9963063
-1	-1	0.0054158904
1	1	0.996756
1	1	0.99025095
1	1	0.99900764
1	1	0.99684983
1	1	0.87048084
-1	-1	0.108401015
1	1	0.99633044
1	1	0.89092314
1	1	0.97550464
1	1	0.99585354
1	1	0.984455
1	1	0.98142254
1	1	0.9986771
-1	-1	0.0022756292
1	1	0.9948278
-1	-1	0.0019196541
1	1	0.95498693
1	1	0.98796487
-1	-1	0.086104125
-1	-1	0.06409472
-1	-1	0.0029256395
1	1	0.9903598
1	1	0.90135986
-1	-1	0.0037152113
1	1	0.9989742
-1	-1	0.003565603
1	1	0.98558205
-1	-1	0.4741406
1	1	0.9910663
1	1	0.6332907
1	1	0.99608177
-1	-1	0.0030414
1	1	0.99952185
1	1	0.9955782
1	1	0.99725777
1	1	0.9881775
-1	1	0.5479311
-1	-1	0.118094
1	1	0.9246632
1	1	0.97851676
-1	-1	0.0026351681
1	1	0.9968579
-1	-1	0.27358773
-1	-1	0.0035341207
1	1	0.9963031
-1	-1	0.002131232
1	1	0.8040264
-1	-1	0.16385695
1	1	0.9798465
1	1	0.98884714
1	1	0.9935487
-1	-1	0.0471056
1	1	0.998811
-1	-1	0.008401069
1	1	0.974883
-1	-1	0.0023924548
1	1	0.9977742
1	1	0.984444
-1	-1	0.014578756
1	1	0.9996666
1	1	0.9986191
1	1	0.9973609
1	1	0.99724835
1	1	0.9935109
1	1	0.9970956
-1	-1	0.0025428194
-1	-1	0.0066606128
1	1	0.9932121
1	1	0.99661344
-1	-1	0.03905593
1	1	0.9765875
1	1	0.99931324
1	1	0.99737215
1	1	0.9991098
1	1	0.99551105
1	1	0.9977191
1	1	0.9977652
1	1	0.9555166
1	1	0.9983139
1	1	0.8351448
1	1	0.9980489
1	1	0.99305326
-1	-1	0.0022351877
1	1	0.7306213
1	1	0.9906848
1	1	0.99880636
1	1	0.9970605
-1	-1	0.3465518
-1	-1	0.051535953
-1	-1	0.28613457
1	-1	0.4395963
1	1	0.9981299
1	1	0.9979018
-1	-1	0.090245135
-1	-1	0.003273115
1	-1	0.31010023
1	1	0.96418154
-1	-1	0.074615896
1	1	0.9939658
1	1	0.9932724
-1	-1	0.005584478
1	1	0.97496337
1	1	0.98501945
1	1	0.9835392
-1	-1	0.0026487985
-1	-1	0.0024270504
-1	-1	0.0048513087
1	1	0.9265032
-1	-1	0.0018549407
-1	-1	0.003766763
-1	-1	0.0859373
-1	-1	0.0025600768
1	1	0.9971935
1	1	0.9226782
1	1	0.64998007
-1	-1	0.0033443405
-1	-1	0.0019652506
-1	-1	0.009637393
-1	-1	0.33506846
-1	-1	0.03867894
1	1	0.89864016
1	1	0.92971313
1	1	0.9964174
-1	-1	0.0028474513
1	1	0.9988508
-1	-1	0.002316499
1	1	0.9966241
-1	1	0.8107944
1	1	0.99394494
1	1	0.99328095
-1	-1	0.08702927
1	1	0.6052363
1	1	0.99624217
-1	-1	0.11981795
1	1	0.9965586
-1	-1	0.0038591712
1	1	0.99551207
1	1	0.99868244
1	1	0.9398827
-1	-1	0.0023009933
1	1	0.6682393
1	1	0.9952508
1	1	0.98253363
1	1	0.9912924
1	1	0.9755889
-1	-1	0.003399553
-1	-1	0.0030755862
-1	-1	0.0027461434
-1	-1	0.16638012
1	1	0.9822907
1	1	0.99468696
1	1	0.99542785
-1	-1	0.4166044
-1	-1	0.05959965
1	1	0.9917293
-1	-1	0.0023969028
1	1	0.98587
1	1	0.9208474
1	1	0.68516636
-1	-1	0.002341772
1	1	0.96961236
1	1	0.715491
1	1	0.9890125
1	1	0.98968387
-1	-1	0.0023181725
1	-1	0.078875475
-1	1	0.5599965
-1	-1	0.049157582
1	1	0.9903294
-1	-1	0.003987874
1	1	0.9711222
1	1	0.9970198
1	1	0.9949635
1	1	0.9963786
1	1	0.9859914
-1	1	0.57108927
1	1	0.9930478
-1	-1	0.0032396072
-1	-1	0.0487064
1	1	0.9811761
-1	-1	0.04382404
1	1	0.9983354
-1	-1	0.0114276325
1	1	0.9708495
-1	-1	0.04516235
-1	-1	0.0017928998
1	1	0.993644
1	1	0.9861878
1	1	0.97774976
1	1	0.999132
1	1	0.91126084
1	1	0.9597944
1	1	0.9985165
-1	1	0.83009136
1	1	0.994313
1	1	0.9986745
1	1	0.90651304
1	1	0.9370266
-1	-1	0.002555877
1	1	0.99699914
-1	-1	0.0030031004
1	1	0.86777973
-1	-1	0.004001705
1	1	0.9867662
-1	-1	0.0030555166
-1	-1	0.0029461447
1	1	0.7350454
-1	-1	0.0028668642
-1	-1	0.0028775337
1	1	0.83085096
1	1	0.99843746
-1	-1	0.034234546
1	1	0.9982686
1	1	0.99825424
1	1	0.99676764
1	1	0.99339384
-1	-1	0.0035623463
1	1	0.98921007
1	1	0.9555169
1	1	0.9192491
1	1	0.87654805
-1	-1	0.0034877236
1	1	0.9945766
-1	-1	0.049203034
-1	-1	0.003812277
1	1	0.9916835
1	-1	0.3808006
-1	-1	0.0028480603
-1	-1	0.021751847
-1	-1	0.10232164
1	1	0.99766374
-1	-1	0.22755912
-1	-1	0.0024259214
-1	-1	0.005851724
1	1	0.8491941
1	1	0.9947007
1	1	0.9624163
-1	-1	0.0036917483
1	1	0.9920975
1	1	0.99833566
-1	-1	0.0035882574
-1	-1	0.0036846865
-1	1	0.65225416
-1	-1	0.013441331
1	1	0.9974547
-1	-1	0.2310214
-1	1	0.59860486
1	1	0.9953388
-1	-1	0.0018688526
-1	-1	0.0030321993
-1	1	0.91126233
1	1	0.9988864
1	1	0.99685174
1	1	0.7387728
-1	-1	0.008801927
-1	-1	0.0015856797
-1	-1	0.11822414
-1	-1	0.002653438
-1	-1	0.19755037
1	1	0.9228486
1	1	0.9990447
-1	-1	0.0052341498
1	1	0.99573463
-1	-1	0.0032606435
-1	-1	0.04799286
1	1	0.84908867
1	1	0.98920107
1	1	0.9967982
-1	-1	0.018934043
-1	-1	0.0029479477
1	1	0.993417
1	1	0.967451
1	-1	0.05666291
-1	-1	0.0025847564
-1	-1	0.0023067489
-1	-1	0.0031339116
-1	-1	0.0025722699
1	1	0.92483675
-1	-1	0.0030474002
1	1	0.99676704
-1	-1	0.0024670195
-1	-1	0.0032880018
1	1	0.99284714
-1	-1	0.003664826
-1	-1	0.13460743
1	-1	0.44539577
-1	1	0.50777805
1	1	0.9172926
1	1	0.9982059
-1	-1	0.28530356
-1	1	0.8687315
-1	-1	0.1518319
-1	-1	0.003347226
1	1	0.94929075
-1	-1	0.0027690846
-1	-1	0.31660104
1	1	0.9977191
1	1	0.9970956
1	1	0.9937219
1	1	0.9966875
1	-1	0.3020159
1	1	0.89504176
-1	-1	0.002164051
1	1	0.9952697
1	1	0.9990451
-1	-1	0.0018812509
1	1	0.98965085
1	1	0.99718696
-1	1	0.72491854
1	1	0.99431217
-1	-1	0.181515
-1	-1	0.3370184
1	1	0.90614635
1	1	0.9992373
1	1	0.9726284
-1	-1	0.34715554
-1	1	0.5868947
-1	-1	0.01514479
1	1	0.9818648
-1	-1	0.084467135
1	1	0.9931132
-1	-1	0.0025177547
-1	-1	0.0026295423
-1	-1	0.009437332
1	1	0.9251614
-1	-1	0.005321884
1	1	0.9953643
1	1	0.9122572
-1	-1	0.003963162
1	1	0.9908462
-1	-1	0.0026575173
-1	-1	0.015454706
-1	-1	0.002916368
-1	-1	0.023891408
-1	-1	0.16357541
-1	-1	0.0034746095
-1	-1	0.0021697981
1	1	0.9636195
1	1	0.9962334
1	1	0.8519188
1	1	0.97991794
-1	-1	0.0033617285
-1	-1	0.003522148
1	1	0.99935585
1	1	0.9814082
-1	-1	0.10113329
-1	-1	0.0033846209
1	1	0.95909464
-1	-1	0.0032593512
1	1	0.99889165
-1	-1	0.014535674
-1	-1	0.081480615
-1	-1	0.0037380955
-1	-1	0.012737114
1	1	0.98177123
1	1	0.99746406
-1	-1	0.034617145
1	1	0.9766333
1	1	0.98475075
1	1	0.82260185
1	1	0.99845505
-1	-1	0.039661717
-1	-1	0.0020612963
1	1	0.9943317
1	1	0.9952278
-1	-1	0.10723308
1	1	0.986464
-1	-1	0.0037095714
1	1	0.9262004
-1	-1	0.0015370256
1	1	0.9982418
1	1	0.995783
-1	-1	0.058709417
1	1	0.9989188
-1	-1	0.0033154183
-1	-1	0.0027942427
-1	-1	0.2420152
-1	-1	0.0028128962
-1	-1	0.028008798
1	1	0.98472923
1	1	0.9950482
1	1	0.98484355
1	1	0.99501234
1	1	0.997001
-1	-1	0.04100147
-1	-1	0.002588393
-1	-1	0.0034964571
1	1	0.9808641
-1	-1	0.0031251786
-1	-1	0.0019340033
-1	1	0.57522756
1	1	0.9578325
1	1	0.9961293
1	-1	0.3409666
1	1	0.9589535
-1	-1	0.007963916
-1	-1	0.0032244192
1	1	0.9621043
-1	-1	0.008954689
-1	1	0.79201496
1	1	0.9654458
-1	-1	0.004090695
-1	-1	0.3452967
-1	-1	0.0029814409
1	1	0.995708
1	1	0.9932121
1	1	0.98082054
1	1	0.8408383
-1	-1	0.0030237872
-1	-1	0.22810332
1	1	0.9946009
-1	-1	0.0039277533
1	1	0.99501157
-1	-1	0.03349746
1	1	0.9973953
1	1	0.9986297
-1	-1	0.28519794
1	1	0.82761824
-1	-1	0.027205085
-1	-1	0.07751788
1	1	0.8302365
-1	-1	0.0032088417
1	1	0.9986312
-1	-1	0.33131006
-1	-1	0.0031783748
1	1	0.9984736
1	1	0.989189
-1	-1	0.037802022
-1	-1	0.0021780562
1	1	0.9902237
-1	-1	0.0042027608
1	1	0.9957135
-1	-1	0.0036813621
1	1	0.99763656
1	1	0.94722867
1	1	0.9972524
1	-1	0.1333853
1	1	0.9698612
1	1	0.94341093
1	1	0.9435497
-1	-1	0.044211067
-1	-1	0.30135098
1	1	0.995455
-1	-1	0.0029331048
-1	-1	0.0067760735
1	1	0.9667367
-1	-1	0.0028278949
1	1	0.9020672
-1	-1	0.11206219
-1	1	0.87077993
1	1	0.7979536
1	1	0.9993455
-1	-1	0.0031855965
1	1	0.89645344
1	1	0.9748239
-1	-1	0.0033257785
-1	-1	0.018116085
-1	-1	0.018477652
1	1	0.9762033
-1	-1	0.28066558
1	1	0.9583269
-1	-1	0.026602186
1	1	0.98546326
-1	-1	0.0027562415
1	1	0.99071723
-1	-1	0.012696424
-1	-1	0.0023345705
-1	-1	0.0027912399
1	1	0.9864618
-1	-1	0.24783134
-1	-1	0.0052716252
1	1	0.9891145
-1	-1	0.09910849
-1	-1	0.0021250795
-1	-1	0.0029010342
1	1	0.51159614
-1	-1	0.003263293
-1	-1	0.09511333
-1	-1	0.0032557682
1	1	0.98563904
-1	-1	0.0021021564
-1	-1	0.063537024
-1	-1	0.34945142
1	1	0.9615528
-1	-1	0.004405629
1	1	0.60146254
-1	1	0.7813678
-1	-1	0.003406636
-1	-1	0.20965281
1	1	0.9010473
1	1	0.999385
1	1	0.9990971
1	1	0.99609995
1	1	0.9281905
-1	-1	0.0020493036
1	1	0.99738485
1	1	0.8674904
1	1	0.9356189
-1	-1	0.0024577712
-1	-1	0.15341686
-1	-1	0.0027960779
1	1	0.9953512
1	1	0.8429619
-1	-1	0.0028441143
1	1	0.93217695
1	1	0.9979025
-1	-1	0.02107555
1	-1	0.31760603
1	1	0.98626167
-1	1	0.5016667
1	1	0.99875474
1	1	0.9963063
1	1	0.9928877
1	1	0.9978532
-1	-1	0.1489026
-1	1	0.6612883
-1	1	0.559736
-1	-1	0.013399529
1	1	0.9280033
1	1	0.9991234
1	1	0.9981299
1	1	0.99784374
-1	-1	0.31326893
1	1	0.99509573
1	1	0.9892145
-1	-1	0.042153582
-1	-1	0.0044045146
-1	-1	0.0040809396
1	1	0.97305906
1	1	0.9905123
1	1	0.9811761
-1	-1	0.018180821
1	1	0.99699914
1	1	0.9904999
-1	-1	0.3915303
-1	-1	0.0021786878
1	1	0.99506277
-1	-1	0.002935225
-1	-1	0.0036286751
1	1	0.95520985
-1	-1	0.0034809224
1	1	0.97162217
-1	1	0.55455494
1	1	0.7514326
1	1	0.9986615
1	1	0.99327976
1	1	0.99305105
-1	-1	0.0029721626
-1	-1	0.18634827
1	1	0.9984748
1	1	0.9978933
-1	1	0.594646
-1	-1	0.029603537
-1	-1	0.00625047
-1	-1	0.003516756
-1	-1	0.029508235
1	1	0.9675963
-1	-1	0.004290664
1	1	0.98659503
1	1	0.93966687
-1	-1	0.06014785
-1	-1	0.0030814311
1	1	0.9969434
1	1	0.99362755
1	1	0.9649898
-1	-1	0.00329759
1	1	0.8873748
1	1	0.8883736
-1	-1	0.49200827
1	1	0.99893373
1	1	0.996811
1	1	0.9922214
-1	-1	0.0031974153
-1	-1	0.0029646268
-1	-1	0.2556166
1	1	0.9595745
1	1	0.99870646
-1	-1	0.0026201222
-1	-1	0.42697215
-1	-1	0.4400176
-1	-1	0.0029518253
-1	-1	0.0029970645
1	1	0.97767025
1	1	0.9989868
1	1	0.84541845
-1	-1	0.021226162
-1	-1	0.028611757
1	1	0.9903514
1	1	0.8793974
-1	-1	0.010728212
1	1	0.9519035
-1	-1	0.0021486925
-1	1	0.566226
1	1	0.992311
1	1	0.9965928
1	1	0.9958931
1	1	0.990316
-1	-1	0.062893845
-1	1	0.5529962
1	1	0.98786956
1	1	0.99663013
1	1	0.9988176
-1	-1	0.037700977
1	1	0.96121687
1	1	0.99464464
1	1	0.96408236
-1	-1	0.1573902
1	1	0.9985536
1	1	0.9855321
1	1	0.99820125
1	1	0.98307484
-1	-1	0.0022316785
1	1	0.8962962
1	1	0.99673444
-1	-1	0.0024453239
1	1	0.97242343
-1	-1	0.044988826
1	1	0.96389073
-1	-1	0.002652372
-1	-1	0.050471004
-1	-1	0.037763134
1	1	0.9611693
1	1	0.98617536
1	1	0.99816257
1	1	0.9092109
1	1	0.99740237
-1	-1	0.0031281332
1	1	0.9773424
1	1	0.9878978
1	1	0.9923038
-1	-1	0.22588997
-1	-1	0.052394703
1	1	0.997186
1	1	0.9974457
1	1	0.7543218
-1	-1	0.014126139
-1	-1	0.0026656738
1	1	0.99582773
1	1	0.9943348
-1	-1	0.09802613
-1	-1	0.0028228245
1	1	0.9931577
1	1	0.770882
1	1	0.9881093
-1	-1	0.004126545
-1	-1	0.002843587
-1	-1	0.03790143
-1	-1	0.16304491
-1	-1	0.005104989
-1	-1	0.003645649
-1	-1	0.32332063
-1	-1	0.0021356815
1	-1	0.3914894
1	1	0.9974396
1	1	0.99733645
1	1	0.9666129
1	1	0.99573743
1	1	0.9979493
1	1	0.98442024
-1	-1	0.17832784
-1	-1	0.13497584
1	1	0.99955267
-1	-1	0.0022686506
-1	-1	0.0029552882
1	1	0.88218445
1	1	0.9960665
-1	-1	0.0029149125
1	1	0.97085303
-1	-1	0.4135583
-1	-1	0.08670036
-1	-1	0.0028191493
-1	-1	0.0031923358
-1	-1	0.00259824
-1	1	0.9231345
-1	-1	0.05330483
1	1	0.99456525
1	-1	0.1865586
-1	-1	0.0028109176
1	1	0.996747
1	1	0.99954456
1	1	0.99890494
-1	1	0.5363807
1	1	0.9954814
-1	-1	0.00345143
-1	-1	0.0027616676
-1	-1	0.0025264614
1	1	0.7563297
1	1	0.99815077
1	1	0.9630179
1	1	0.9612995
1	1	0.9823263
1	1	0.9985701
1	1	0.9797792
1	1	0.98415065
-1	-1	0.0018874209
-1	-1	0.0030723393
-1	-1	0.012876632
1	1	0.99873465
-1	-1	0.02439881
-1	-1	0.0029328077
-1	-1	0.15592541
1	1	0.9929939
-1	-1	0.0025263603
1	1	0.9973532
1	1	0.95426273
-1	-1	0.0028751157
1	1	0.99869967
-1	-1	0.003579396
1	1	0.99839133
1	1	0.9983444
1	1	0.9865392
1	1	0.9473152
-1	-1	0.0027658893
-1	-1	0.0046373494
1	1	0.96288633
-1	-1	0.026750268
1	1	0.9988273
1	1	0.9965927
-1	-1	0.0034561616
1	1	0.9961449
1	1	0.9902776
1	1	0.9901239
-1	-1	0.0017649375
-1	-1	0.025166404
1	1	0.988502
1	1	0.9713471
1	1	0.9449499
-1	-1	0.003926514
1	1	0.9951166
1	1	0.99961144
1	1	0.9720704
1	1	0.9943929
1	1	0.99899596
1	1	0.9871602
-1	-1	0.00520461
-1	-1	0.071920305
1	1	0.9982482
-1	-1	0.0020887356
-1	-1	0.002125823
1	1	0.9954853
1	1	0.9990388
-1	1	0.8539075
-1	-1	0.0042353217
-1	-1	0.0014980508
-1	-1	0.30127785
1	1	0.99557424
1	1	0.87945515
1	1	0.9939319
-1	-1	0.48946807
-1	-1	0.10137406
1	1	0.9966535
-1	-1	0.0030447608
1	-1	0.2287938
-1	1	0.55211514
1	1	0.99708074
-1	-1	0.01820883
-1	-1	0.0025491419
-1	-1	0.41430253
1	1	0.9541851
1	1	0.9837679
-1	-1	0.15922248
1	1	0.99685967
-1	-1	0.4855744
-1	-1	0.0027505963
1	1	0.96992815
1	1	0.99536055
1	1	0.99949396
1	1	0.97331357
-1	-1	0.0039185407
1	1	0.99394155
1	1	0.9592721
-1	1	0.6010771
-1	-1	0.0024268078
1	1	0.99837875
1	1	0.99067897
1	1	0.9267137
1	1	0.99785703
-1	-1	0.060517043
1	1	0.9362251
-1	-1	0.003810097
-1	-1	0.009557558
-1	-1	0.04591743
1	1	0.9166369
1	1	0.99733967
1	1	0.9975483
1	1	0.9799779
-1	-1	0.0066761975
1	1	0.95160204
1	1	0.99565864
-1	-1	0.01488719
-1	-1	0.0038601062
-1	-1	0.0054379753
1	1	0.93498427
-1	-1	0.0021118068
1	1	0.98889893
-1	-1	0.3435969
-1	-1	0.0031671429
1	1	0.9173464
1	1	0.99841523
1	1	0.99379927
1	1	0.9942063
-1	-1	0.003194215
-1	-1	0.0030255413
1	1	0.99713326
-1	-1	0.0034729538
-1	-1	0.04491453
1	1	0.7900304
1	1	0.99880874
-1	-1	0.0018664428
-1	-1	0.004251794
1	1	0.8090981
-1	-1	0.0048755747
1	1	0.98117197
-1	1	0.6193599
-1	-1	0.2538514
1	1	0.9987973
1	1	0.9889746
1	1	0.99530894
1	1	0.9748452
-1	-1	0.002461729
1	1	0.99642926
1	1	0.9938453
1	1	0.97532463
-1	-1	0.0046915296
-1	-1	0.0022238968
1	1	0.98233646
1	1	0.9584088
-1	-1	0.016253892
-1	-1	0.0033702925
-1	-1	0.0029141936
1	1	0.98925894
1	1	0.73635125
1	1	0.99862075
1	1	0.9901697
-1	-1	0.0023259935
1	1	0.876205
1	1	0.99614465
-1	-1	0.003503012
1	1	0.99789375
1	1	0.9758814
1	1	0.99677986
-1	-1	0.0031574431
-1	-1	0.12907076
-1	-1	0.0035431278
1	1	0.990262
1	1	0.98634094
-1	1	0.7212948
-1	-1	0.009842524
1	1	0.99296874
1	1	0.99077046
-1	-1	0.03504957
-1	-1	0.019942852
-1	-1	0.018824566
-1	-1	0.003982397
1	1	0.99773055
1	1	0.9945486
1	-1	0.32074213
-1	-1	0.0024326965
-1	-1	0.0026945495
1	1	0.99632555
-1	-1	0.0033663264
1	1	0.9929128
-1	-1	0.0040979865
-1	-1	0.002852412
1	1	0.936107
-1	-1	0.0026160383
-1	1	0.84451944
1	1	0.956884
1	1	0.99820304
1	1	0.98917425
-1	-1	0.060001995
-1	-1	0.051677156
1	1	0.9850386
-1	-1	0.094071604
-1	1	0.8476778
1	1	0.9972805
1	1	0.9956008
1	1	0.95852894
1	1	0.9995921
1	1	0.91481483
-1	-1	0.004851185
1	1	0.9916517
-1	-1	0.4641632
-1	1	0.50207627
1	1	0.9580934
1	1	0.9752559
-1	1	0.8722408
-1	-1	0.0022021877
1	1	0.70637053
-1	-1	0.0041136
-1	-1	0.007072489
1	1	0.99436635
-1	-1	0.0026632776
1	1	0.9967055
1	1	0.99675035
1	1	0.9942567
-1	-1	0.4870515
1	1	0.99431735
1	1	0.98054975
1	1	0.9779034
-1	-1	0.0030140623
-1	-1	0.003276994
1	1	0.9840642
1	1	0.9877511
1	1	0.9890618
-1	-1	0.0036413213
-1	-1	0.0035167714
1	1	0.9949185
-1	-1	0.0025007476
1	1	0.98382574
-1	-1	0.027381847
1	1	0.9915508
1	1	0.7213639
1	1	0.99535936
1	1	0.9950265
-1	-1	0.008903806
1	1	0.9985519
1	1	0.9989889
-1	-1	0.06843867
1	1	0.98604506
1	1	0.98662704
1	1	0.9953176
-1	-1	0.005196069
1	1	0.9983771
-1	-1	0.0026987535
-1	-1	0.120028675
1	1	0.99406403
-1	-1	0.01673256
-1	-1	0.28724158
1	1	0.98797625
1	1	0.98557717
1	1	0.9802233
-1	-1	0.008475477
-1	-1	0.073990196
1	1	0.9982352
1	1	0.995889
1	1	0.9971855
1	1	0.99257505
1	1	0.993256
-1	-1	0.003360543
-1	-1	0.0024001456
1	1	0.99920636
1	1	0.9494159
-1	-1	0.03410965
-1	-1	0.007823229
-1	-1	0.0023286862
-1	-1	0.14970769
-1	-1	0.024568286
1	1	0.97471386
-1	1	0.8081245
1	1	0.99153227
1	1	0.9990395
1	1	0.839253
-1	-1	0.006155795
-1	-1	0.45703688
1	1	0.98004156
1	1	0.93130255
-1	-1	0.14643621
1	1	0.9839532
1	1	0.9971023
-1	-1	0.0039495383
1	1	0.9963709
1	1	0.99147743
-1	-1	0.0028960013
1	1	0.9934582
-1	-1	0.04542613
1	1	0.9865667
1	1	0.8902487
1	1	0.74161124
-1	-1	0.002324874
1	1	0.94178975
-1	-1	0.0031514692
-1	-1	0.2505117
-1	-1	0.0041308356
1	1	0.719232
1	1	0.95460784
1	1	0.99596965
-1	-1	0.0039010562
1	1	0.9946009
1	1	0.9494159
1	1	0.99713504
-1	-1	0.003534823
-1	-1	0.003478769
1	1	0.9948323
1	1	0.97110254
-1	-1	0.4012752
1	1	0.9632721
1	1	0.9767237
1	1	0.9966084
1	1	0.9011112
1	1	0.9962442
-1	-1	0.0028873407
-1	-1	0.0028732438
-1	-1	0.002608586
1	1	0.99886787
-1	-1	0.29238755
-1	-1	0.3255057
1	1	0.99836856
1	1	0.8178269
1	1	0.9848856
1	1	0.99331963
1	1	0.9984854
-1	-1	0.1611015
1	1	0.9992198
-1	-1	0.07034062
1	1	0.9987987
-1	-1	0.2187789
-1	1	0.6446632
-1	-1	0.171248
-1	-1	0.0035697115
-1	-1	0.002810773
-1	-1	0.041624933
-1	-1	0.0033715393
-1	-1	0.10685933
-1	-1	0.0027972707
1	1	0.9801486
-1	-1	0.021786658
-1	-1	0.11516322
1	1	0.9974625
1	1	0.99103993
1	1	0.9980269
1	1	0.997888
1	1	0.99689937
-1	-1	0.025388757
1	1	0.8925518
-1	-1	0.0030457708
-1	-1	0.002775189
-1	-1	0.0034141527
-1	-1	0.004041036
1	1	0.9947495
-1	-1	0.0046080584
1	1	0.98940676
-1	-1	0.003696699
-1	-1	0.022079028
-1	-1	0.0033256032
-1	-1	0.01643973
-1	-1	0.15798967
1	1	0.996005
1	1	0.98798287
1	1	0.99616313
-1	-1	0.0030628196
1	1	0.9714695
-1	-1	0.0034520847
-1	-1	0.0033244605
-1	-1	0.0044756783
-1	-1	0.1952948
1	1	0.9990994
-1	-1	0.010442574
-1	-1	0.0020081976
-1	-1	0.016256118
1	1	0.9538583
-1	-1	0.040947985
1	1	0.99546826
1	1	0.95257753
1	1	0.998719
-1	-1	0.0056172977
1	-1	0.04101017
1	1	0.9988176
1	1	0.96941435
-1	-1	0.0032354095
1	1	0.9911151
1	1	0.93823564
-1	-1	0.004282755
1	1	0.9983051
1	1	0.99865973
1	1	0.98206276
1	1	0.9914892
1	1	0.8629999
-1	-1	0.0028253437
1	1	0.99816185
-1	-1	0.025127199
-1	-1	0.07579776
-1	-1	0.08018948
-1	-1	0.0022685812
1	1	0.9944565
1	1	0.90350163
-1	-1	0.0023746127
1	1	0.95056146
-1	-1	0.25229517
-1	-1	0.008172466
-1	-1	0.0029175319
-1	-1	0.011634303
1	1	0.8571169
1	1	0.9402986
-1	-1	0.003243174
-1	-1	0.4085186
1	1	0.8959723
1	1	0.9985109
-1	-1	0.0031449508
1	1	0.83998334
1	1	0.9799969
1	1	0.9804176
1	1	0.9971674
-1	-1	0.0027902606
1	1	0.9974552
1	1	0.9884235
1	1	0.99652356
-1	-1	0.34857416
-1	-1	0.0031487877
1	1	0.9838769
1	1	0.98925346
1	1	0.9939792
-1	-1	0.0021062293
1	1	0.9913366
1	1	0.9860094
-1	-1	0.0027841192
-1	-1	0.16830955
1	-1	0.09119557
-1	-1	0.013303943
1	1	0.95718277
-1	-1	0.0035360025
1	1	0.98179436
-1	-1	0.002496355
1	1	0.9762866
-1	-1	0.0034681894
1	1	0.99750525
1	1	0.99804807
1	1	0.9821192
-1	-1	0.003196215
1	1	0.9967295
1	1	0.99833566
-1	-1	0.0029958312
-1	-1	0.49400502
1	1	0.9908139
1	1	0.82805085
-1	-1	0.0031080435
1	1	0.99663013
1	1	0.9921131
-1	-1	0.005489225
-1	-1	0.004649513
1	1	0.9924285
1	1	0.6815152
-1	-1	0.003232821
1	1	0.9937389
-1	-1	0.0025141812
1	1	0.96360785
1	1	0.95066917
-1	1	0.819756
1	1	0.9897389
-1	-1	0.004421469
1	1	0.9958616
-1	-1	0.25762215
-1	-1	0.0034767233
1	1	0.98787725
1	1	0.98719287
1	1	0.9988977
-1	-1	0.011587652
1	1	0.9965664
1	1	0.9940246
1	1	0.9936405
-1	-1	0.0044027125
-1	-1	0.16774699
1	1	0.9904649
1	1	0.95932794
1	1	0.99711275
1	1	0.6359686
-1	-1	0.0077310633
-1	-1	0.003537689
1	1	0.7326324
1	1	0.99770445
1	1	0.9931799
1	1	0.99759525
-1	-1	0.3920827
1	1	0.5499894
1	1	0.99713135
1	1	0.9893455
-1	-1	0.07437202
-1	-1	0.0034977382
1	1	0.99778277
-1	-1	0.23550838
-1	-1	0.0048499876
1	1	0.9981828
1	1	0.9856483
-1	-1	0.0030858435
-1	-1	0.0035863344
-1	-1	0.0041464013
1	1	0.9756119
-1	1	0.60541993
-1	-1	0.030248223
-1	-1	0.0030064373
-1	-1	0.003840918
1	1	0.9294448
-1	-1	0.12920319
1	1	0.9962859
1	1	0.98282605
1	1	0.9834547
-1	-1	0.0030556137
1	1	0.8706292
-1	-1	0.048713703
1	1	0.9989556
1	1	0.9877845
1	1	0.9893351
-1	-1	0.040535145
1	1	0.8213
1	1	0.99774975
1	1	0.95045084
-1	-1	0.0035073443
1	1	0.998869
1	1	0.98809516
1	1	0.99594706
-1	-1	0.022492839
-1	-1	0.0036345134
1	-1	0.33065927
-1	-1	0.47554696
1	1	0.9938572
1	1	0.9966767
-1	-1	0.01967251
-1	-1	0.012231615
-1	-1	0.0025161384
1	1	0.9934273
1	1	0.9989267
1	1	0.99264187
-1	-1	0.0045446577
1	-1	0.47698703
1	1	0.9985103
-1	-1	0.025489157
-1	-1	0.0027601172
-1	-1	0.0029027036
1	1	0.984444
1	1	0.63792443
-1	-1	0.0032207614
1	1	0.9942568
1	1	0.99907875
1	1	0.8577928
-1	-1	0.22303961
1	1	0.985451
-1	-1	0.004791691
1	-1	0.3930946
1	1	0.99452895
-1	-1	0.0029581753
1	1	0.986631
1	1	0.8499119
1	1	0.9552488
-1	-1	0.0026951265
-1	-1	0.0064413906
1	1	0.9353916
-1	1	0.74306536
1	1	0.9907753
-1	-1	0.0031845283
-1	-1	0.057080362
-1	-1	0.0029223573
1	1	0.994089
-1	-1	0.0029066203
-1	1	0.9608007
-1	-1	0.017596046
1	1	0.9978532
-1	-1	0.0057371436
1	1	0.9977329
1	1	0.9958675
-1	-1	0.15253139
1	1	0.99728
-1	-1	0.05415943
1	1	0.9905748
-1	-1	0.003424744
1	1	0.99733514
-1	-1	0.011842173
1	1	0.9805902
1	1	0.8514852
-1	1	0.6664008
1	1	0.9396027
-1	-1	0.024667546
-1	-1	0.0035340234
1	1	0.9942151
1	1	0.9554474
1	1	0.9908242
1	1	0.99856323
-1	-1	0.0020515556
1	1	0.9964077
-1	-1	0.003009522
1	1	0.98079854
1	1	0.99906296
1	1	0.9924319
-1	-1	0.034795266
1	1	0.99706227
-1	-1	0.0025107276
-1	-1	0.047972146
1	1	0.9966678
-1	-1	0.0022236463
-1	-1	0.047290184
1	1	0.9697976
1	1	0.9995914
1	1	0.9962638
-1	-1	0.0032225654
1	1	0.9980326
-1	-1	0.1839036
1	1	0.97944754
-1	-1	0.12457039
-1	-1	0.0029509012
1	1	0.9987937
-1	-1	0.0034944937
1	1	0.9790012
1	1	0.98916656
-1	-1	0.002599308
-1	1	0.6555907
1	1	0.9786966
-1	-1	0.00335447
1	1	0.66087204
1	1	0.978571
1	1	0.99168104
1	1	0.98719007
-1	-1	0.0029711002
-1	-1	0.031067334
-1	-1	0.4649714
-1	-1	0.06426465
1	1	0.99615437
-1	-1	0.0021328018
1	1	0.99826366
1	1	0.90958023
-1	-1	0.0031906583
-1	-1	0.031919006
1	1	0.99378234
1	1	0.975604
-1	-1	0.021702113
-1	-1	0.0023085207
-1	-1	0.0029589122
-1	-1	0.002430055
1	1	0.9888086
1	1	0.99931717
1	1	0.9983741
-1	-1	0.15945698
-1	-1	0.0031670658
-1	-1	0.003798236
1	1	0.998376
-1	-1	0.0031667105
1	1	0.9945004
-1	-1	0.0025065301
1	1	0.99695
1	1	0.9900975
1	1	0.99614245
-1	-1	0.002433597
1	1	0.99056214
-1	-1	0.003246335
-1	-1	0.0035127448
1	1	0.8690811
-1	-1	0.03892584
-1	-1	0.15051405
-1	1	0.7996736
-1	-1	0.0031123383
1	1	0.99933165
-1	-1	0.00279825
1	1	0.99395883
-1	-1	0.2367619
-1	-1	0.0025837214
-1	-1	0.0028519738
1	1	0.99692935
1	1	0.97235495
1	1	0.8710758
1	1	0.990602
-1	-1	0.0029301413
-1	-1	0.012430188
-1	-1	0.004214589
1	1	0.9456158
-1	-1	0.0026929176
1	1	0.6889155
-1	-1	0.23721604
1	1	0.99888307
-1	-1	0.003930642
1	1	0.990666
1	1	0.9950976
1	-1	0.46854883
-1	-1	0.09954286
-1	-1	0.112269066
-1	-1	0.0045165196
1	1	0.9919195
1	1	0.96584755
-1	-1	0.094483696
1	1	0.9969977
-1	-1	0.14210422
-1	-1	0.0026614266
-1	-1	0.004127166
-1	-1	0.0019070457
-1	-1	0.22587527
-1	-1	0.0069121895
-1	-1	0.008118079
1	1	0.96914554
1	1	0.655439
-1	-1	0.003248121
1	1	0.97682595
-1	-1	0.04115884
-1	-1	0.078389384
1	1	0.9991062
1	1	0.9960211
1	1	0.77127117
1	1	0.98864836
1	1	0.9960555
-1	-1	0.0039826804
-1	1	0.56593794
-1	-1	0.002843882
1	1	0.9957873
1	1	0.9649898
-1	-1	0.001809651
1	1	0.9729072
-1	-1	0.0032224418
-1	-1	0.16655718
1	1	0.99896085
1	1	0.9781642
-1	-1	0.0028429932
1	1	0.96555984
-1	-1	0.00406018
-1	-1	0.0018275767
-1	-1	0.15943861
1	1	0.9967443
1	1	0.94727874
-1	-1	0.002800735
1	1	0.96185446
1	1	0.98982155
-1	-1	0.018642468
1	1	0.9976221
1	1	0.99648917
-1	-1	0.0032850213
1	1	0.99004817
1	1	0.9970999
-1	-1	0.002974317
1	1	0.896118
1	1	0.9772117
-1	-1	0.0020452333
1	1	0.9995555
-1	-1	0.0023227192
1	1	0.9933321
1	1	0.99397075
-1	-1	0.0089740055
-1	-1	0.21397857
1	1	0.97192425
1	1	0.98769844
1	1	0.99879694
-1	-1	0.0034354518
-1	-1	0.0023000885
-1	-1	0.43867588
-1	-1	0.0039117457
-1	-1	0.12709163
1	1	0.97185916
-1	-1	0.0075920788
1	1	0.9991153
1	1	0.9550588
1	1	0.99914587
-1	-1	0.47572893
1	1	0.95619655
1	1	0.9458874
-1	-1	0.14167744
-1	-1	0.054387372
-1	-1	0.0026617036
1	1	0.9925356
-1	-1	0.0037774104
-1	-1	0.27768722
1	1	0.96785605
-1	-1	0.0026685074
-1	-1	0.04117242
1	1	0.9395899
1	1	0.97068375
1	1	0.9955611
-1	-1	0.082162894
-1	-1	0.028506178
1	1	0.99445736
-1	-1	0.17463723
1	1	0.99131536
-1	-1	0.18608005
-1	-1	0.003947532
1	1	0.9239372
-1	-1	0.02276504
-1	1	0.5971738
1	1	0.994575
1	1	0.99885345
1	1	0.9947325
-1	-1	0.0031246035
1	1	0.99637705
-1	-1	0.002769128
1	1	0.838365
-1	-1	0.0031402213
1	1	0.9957243
-1	-1	0.0035571062
-1	-1	0.14883402
-1	-1	0.002294617
1	1	0.9870319
-1	-1	0.08731782
1	1	0.99824643
1	1	0.9921895
1	1	0.9945174
-1	-1	0.0025097176
1	1	0.99780935
1	1	0.94682306
1	1	0.9905748
-1	-1	0.016339676
-1	-1	0.007895507
-1	-1	0.09031963
1	1	0.97555816
-1	-1	0.4561033
1	1	0.9954856
-1	-1	0.0033963297
1	-1	0.4274633
-1	-1	0.0027454998
1	1	0.9961279
-1	-1	0.025687408
1	1	0.99674666
-1	-1	0.0042431643
-1	-1	0.0025490252
-1	-1	0.0044670966
-1	-1	0.4656948
1	1	0.9985103
1	1	0.9964694
1	1	0.9975961
-1	-1	0.0047630686
-1	-1	0.00960233
1	1	0.9649975
-1	-1	0.04096443
1	1	0.9800044
1	1	0.995934
1	1	0.9935149
1	1	0.99503857
1	1	0.99820125
-1	-1	0.0032657275
1	1	0.9804314
1	1	0.9945352
1	1	0.99821776
-1	-1	0.09589821
-1	-1	0.02807328
1	1	0.9908242
1	1	0.9987992
1	1	0.9988545
1	1	0.9981299
1	1	0.99715436
-1	-1	0.0036775197
-1	-1	0.0022377807
1	1	0.99697113
-1	-1	0.002441537
1	1	0.99040914
-1	-1	0.003429423
1	1	0.9982023
-1	1	0.6816848
-1	-1	0.0013377647
-1	-1	0.018981015
1	1	0.9975916
-1	-1	0.123723626
1	1	0.99276817
-1	-1	0.0024234243
1	1	0.99669826
1	1	0.930397
-1	-1	0.02863403
1	1	0.9975981
-1	-1	0.1782983
1	1	0.9710457
1	1	0.99824846
-1	-1	0.0025190075
1	1	0.9495701
-1	-1	0.0027998562
-1	-1	0.0026829091
1	1	0.99764204
-1	-1	0.0036022416
-1	-1	0.08791667
1	1	0.9985103
-1	-1	0.0050429944
-1	-1	0.0037932287
-1	-1	0.0026689512
1	1	0.9930195
-1	-1	0.41193697
-1	-1	0.00348936
1	1	0.9597378
-1	-1	0.1455838
1	1	0.9970759
-1	-1	0.01252168
-1	-1	0.0031620746
-1	-1	0.002449636
1	1	0.98810506
-1	-1	0.0340897
1	1	0.9937716
1	1	0.5893391
1	1	0.9426292
-1	-1	0.0033506427
-1	-1	0.085687734
-1	-1	0.0049358048
1	1	0.9922463
1	1	0.99758196
-1	-1	0.014811185
-1	-1	0.21344326
1	1	0.996447
1	1	0.9371357
1	1	0.9817846
-1	-1	0.0029384675
-1	-1	0.1465344
1	1	0.99429333
1	1	0.98459643
1	1	0.9947653
1	1	0.9986241
-1	-1	0.035755556
-1	-1	0.002353721
-1	-1	0.17722365
1	-1	0.27215672
-1	-1	0.0035796561
-1	-1	0.0063634682
1	1	0.99668026
-1	-1	0.002179831
-1	-1	0.0053600897
1	1	0.9273054
-1	-1	0.084118396
1	1	0.9980433
-1	-1	0.073524565
1	1	0.881227
1	-1	0.45698714
-1	-1	0.0026802183
-1	1	0.75425196
1	1	0.98119456
-1	1	0.6250293
1	1	0.99584323
1	1	0.9594608
1	1	0.89191693
-1	-1	0.067801945
-1	-1	0.0026533308
1	1	0.8758345
1	1	0.9939075
1	1	0.99644023
1	1	0.99621934
1	1	0.93445414
-1	-1	0.004158243
1	1	0.96547216
-1	-1	0.27642876
1	1	0.98798484
1	1	0.99217457
1	1	0.97948277
-1	1	0.743353
1	1	0.9949719
1	1	0.99849343
-1	-1	0.0022332086
1	1	0.99881554
-1	-1	0.0027023915
1	1	0.9875329
1	1	0.54596573
-1	-1	0.027999774
1	1	0.99878174
-1	1	0.500089
1	1	0.99482626
-1	-1	0.0033905373
-1	-1	0.002009205
1	1	0.9981912
1	1	0.9975374
1	1	0.9924879
-1	-1	0.012361083
-1	-1	0.0026269949
1	1	0.99689937
1	1	0.920061
-1	-1	0.0037417517
1	1	0.87663096
1	1	0.9851992
-1	-1	0.4436304
-1	-1	0.0038542212
1	1	0.99019885
-1	1	0.88465923
1	1	0.99856323
1	1	0.89111733
-1	-1	0.0034512656
1	1	0.9948049
1	-1	0.47597116
1	1	0.99002177
1	1	0.9965455
-1	-1	0.0033242695
1	1	0.9966537
-1	-1	0.030225532
-1	-1	0.0026870908
1	1	0.89699656
-1	-1	0.002894586
1	1	0.9920232
1	1	0.9831593
1	1	0.90907246
-1	-1	0.002626675
1	1	0.99305326
1	1	0.92212355
1	1	0.98235255
1	1	0.961017
-1	-1	0.0036457474
1	1	0.9852961
-1	-1	0.0024652646
-1	-1	0.004919048
1	1	0.99364895
1	1	0.9863638
-1	-1	0.0041412003
1	-1	0.3053718
1	-1	0.35850072
1	1	0.9938207
1	1	0.9841388
-1	-1	0.027704448
-1	-1	0.003487807
1	1	0.99876
1	1	0.98640835
1	1	0.983076
-1	-1	0.0036683953
-1	-1	0.10303377
1	1	0.9966846
-1	-1	0.0173731
-1	-1	0.36703935
1	1	0.8396592
-1	-1	0.002848537
1	1	0.9795324
1	1	0.99318224
1	1	0.99825937
-1	-1	0.0037735973
1	1	0.9888525
1	1	0.98454225
-1	-1	0.0032377
1	1	0.981696
-1	-1	0.05495611
-1	-1	0.064534895
1	1	0.99264
1	1	0.999313
-1	-1	0.0025773225
1	1	0.9984768
1	1	0.99519944
-1	-1	0.0017629359
1	1	0.99161583
-1	1	0.5222571
1	1	0.98648965
1	1	0.7967306
1	1	0.963615
-1	-1	0.002508369
1	1	0.9993343
1	1	0.9956013
1	1	0.9912176
-1	-1	0.20622633
-1	-1	0.026008997
1	1	0.9886093
-1	-1	0.0026384338
-1	-1	0.27423292
1	1	0.9494159
-1	-1	0.003462331
1	1	0.99559456
1	1	0.99949396
-1	-1	0.0805478
1	1	0.97635084
-1	-1	0.04342239
1	1	0.59764403
-1	1	0.5960528
1	1	0.9976636
-1	-1	0.00373583
-1	-1	0.0040165796
1	1	0.99911696
-1	-1	0.0047375467
1	1	0.98591346
-1	-1	0.003176742
1	1	0.9311597
-1	-1	0.4993013
-1	-1	0.012514318
1	1	0.8950218
1	1	0.97603214
-1	1	0.5622499
1	1	0.9360539
-1	-1	0.0042926082
1	1	0.9867849
1	1	0.9956482
1	1	0.57210153
1	1	0.99785584
-1	-1	0.0032625908
-1	-1	0.26858076
1	1	0.98891824
-1	-1	0.0031908522
1	1	0.99736553
1	1	0.9925194
-1	-1	0.025770936
-1	-1	0.0074204663
-1	-1	0.00945471
-1	-1	0.21431185
1	1	0.9211154
1	1	0.99834454
-1	-1	0.3223389
1	1	0.9978351
1	1	0.98570144
-1	-1	0.09440175
-1	-1	0.0023983242
-1	-1	0.003642313
1	1	0.89268035
-1	-1	0.0023620394
1	1	0.9985738
1	1	0.9949719
1	1	0.9803227
-1	-1	0.05337881
1	1	0.99811137
-1	-1	0.002316782
1	1	0.99589527
1	1	0.9989606
-1	-1	0.08987892
-1	-1	0.0033148036
1	1	0.996552
-1	-1	0.013867834
1	1	0.9942092
1	1	0.9951332
1	1	0.9842582
-1	-1	0.2928027
-1	-1	0.0041259658
1	1	0.998221
1	1	0.99468106
-1	-1	0.0022875867
1	1	0.9968907
-1	-1	0.0026842554
1	1	0.99456644
1	1	0.9937164
1	1	0.99804735
-1	-1	0.0034759406
-1	-1	0.03618259
1	1	0.9973476
1	1	0.99865973
-1	-1	0.002875503
1	1	0.70828205
-1	-1	0.003704598
-1	-1	0.11282928
1	1	0.9964148
-1	-1	0.11159687
1	1	0.99556303
1	1	0.99695265
1	1	0.9884361
1	1	0.99888283
-1	-1	0.003037902
-1	-1	0.0021861005
-1	-1	0.0017403921
1	1	0.9967399
1	1	0.9969195
1	1	0.9959984
1	1	0.9920378
1	1	0.97250205
-1	-1	0.026487125
-1	-1	0.21025772
1	1	0.97598755
1	1	0.9966484
-1	-1	0.0025933045
-1	-1	0.36130485
1	1	0.9560763
-1	-1	0.15678439
-1	-1	0.013275042
1	1	0.9984242
-1	-1	0.20716679
-1	-1	0.0025611778
-1	-1	0.0028616996
-1	-1	0.08565252
1	1	0.9193235
-1	-1	0.0023488398
-1	-1	0.002861837
-1	-1	0.002205008
-1	-1	0.071990475
-1	-1	0.08896877
1	1	0.99743444
1	1	0.8420893
1	1	0.8891558
-1	-1	0.00815292
-1	-1	0.0036731723
1	1	0.95648414
-1	-1	0.0025576928
-1	-1	0.0024388602
1	1	0.99949396
-1	-1	0.003644872
-1	-1	0.0034959305
1	1	0.99113
1	1	0.9485309
-1	-1	0.004514115
-1	-1	0.12655765
-1	-1	0.0032388794
-1	-1	0.06514401
-1	-1	0.0029400715
-1	-1	0.0038633086
-1	-1	0.0025872581
1	1	0.9950537
1	-1	0.08681495
1	1	0.9412595
1	1	0.99463475
1	1	0.9970138
-1	-1	0.0039859847
1	1	0.9959745
1	1	0.99807125
-1	-1	0.003275357
-1	-1	0.0036347553
-1	-1	0.017946232
-1	-1	0.006910789
1	1	0.9875529
1	1	0.9966732
1	1	0.886322
1	1	0.9964933
1	1	0.9967584
1	1	0.94471085
1	1	0.98735166
-1	1	0.9543563
1	1	0.9857743
1	1	0.9962106
-1	1	0.5083245
1	1	0.9223886
-1	-1	0.001482697
-1	-1	0.0033373258
1	1	0.9911663
-1	-1	0.005958498
1	1	0.8591491
-1	1	0.83628565
1	1	0.9976242
1	1	0.99857235
-1	-1	0.055782337
1	1	0.980925
1	1	0.9979913
1	1	0.9989066
-1	-1	0.0035423755
-1	-1	0.0025073434
1	1	0.9885229
-1	-1	0.10873363
1	1	0.9940246
1	1	0.99906296
-1	-1	0.07460624
1	1	0.9898017
1	1	0.99865973
-1	-1	0.013921546
-1	1	0.9258983
-1	-1	0.0023017414
1	1	0.99877006
-1	-1	0.006679557
-1	-1	0.004268954
1	1	0.7396978
-1	-1	0.051688552
-1	-1	0.15901498
1	1	0.99486625
1	1	0.99734586
1	1	0.791212
1	1	0.99884534
1	1	0.9827229
1	1	0.99099696
1	1	0.99837947
-1	-1	0.48193762
-1	-1	0.0024060088
1	1	0.99441355
1	1	0.9656272
-1	-1	0.0035202105
-1	-1	0.03590323
-1	-1	0.0030522444
-1	-1	0.003259886
-1	-1	0.003308999
-1	-1	0.008633185
-1	-1	0.0027751285
1	1	0.9991986
1	1	0.9983119
-1	-1	0.032806795
-1	-1	0.0050851204
1	1	0.980927
1	1	0.9757356
1	1	0.99258935
1	1	0.99061745
1	1	0.92502654
1	1	0.99713093
1	1	0.99803287
1	1	0.99504304
-1	-1	0.12373478
1	1	0.9995975
-1	-1	0.22628887
-1	1	0.93105733
-1	-1	0.43308246
-1	-1	0.0043415492
-1	-1	0.002820159
-1	-1	0.0025017005
-1	-1	0.0015105817
1	1	0.9954352
-1	-1	0.29198554
1	1	0.98697156
1	1	0.99744105
-1	1	0.7231913
1	1	0.57089317
-1	-1	0.0037747442
-1	-1	0.008836598
1	1	0.9868754
1	1	0.9742779
-1	1	0.8479928
-1	-1	0.17850001
1	1	0.99758077
-1	-1	0.021719713
-1	-1	0.003996026
-1	1	0.9348097
1	1	0.97646165
-1	-1	0.003589251
1	1	0.99840754
-1	-1	0.0028022043
-1	-1	0.0031419029
1	1	0.9850759
1	1	0.9869507
1	1	0.9898162
1	1	0.9649798
1	1	0.9612714
1	1	0.95796025
1	1	0.99269015
-1	-1	0.0030191047
1	1	0.9902187
-1	1	0.6248366
1	1	0.98887396
1	1	0.8409361
-1	-1	0.013991154
1	1	0.9364188
-1	-1	0.0029689004
1	1	0.98889005
-1	-1	0.0023029353
-1	-1	0.21775156
1	1	0.9982216
-1	-1	0.4646071
-1	1	0.60188574
-1	-1	0.03848757
1	1	0.8076666
1	1	0.99915457
-1	-1	0.002277941
-1	-1	0.0058815647
1	1	0.8423945
1	1	0.9954106
1	1	0.9990796
1	1	0.993665
1	1	0.9733732
1	1	0.9979381
1	1	0.99787533
-1	-1	0.054353286
1	1	0.9986663
1	1	0.9805902
-1	-1	0.0028250592
1	-1	0.4220376
1	1	0.993793
-1	-1	0.002997431
1	1	0.9971527
-1	-1	0.0023919633
-1	-1	0.0045842407
-1	-1	0.046591792
1	1	0.9864839
1	1	0.9740824
1	1	0.9979798
-1	-1	0.0034664562
1	1	0.6428554
1	1	0.99674845
-1	-1	0.0021781
-1	-1	0.002753398
-1	-1	0.0021725977
-1	-1	0.0034440637
1	1	0.99886656
-1	-1	0.002023656
-1	-1	0.0038750449
1	1	0.9987832
1	1	0.99488825
-1	-1	0.04355167
-1	-1	0.003596976
1	1	0.99866986
-1	-1	0.04751568
1	1	0.9947748
-1	-1	0.003975881
1	1	0.9862438
1	1	0.9552121
1	1	0.953693
-1	-1	0.0024924658
1	1	0.75428563
1	1	0.8096115
1	1	0.9919795
1	1	0.57927686
-1	-1	0.046113048
-1	-1	0.0054967026
-1	-1	0.002758939
-1	-1	0.0064415713
1	1	0.93091583
-1	-1	0.015014664
1	1	0.9866153
1	1	0.99387896
1	1	0.9828031
-1	-1	0.0022382769
-1	-1	0.0028412112
1	1	0.99577194
1	-1	0.22553183
1	1	0.8558829
-1	-1	0.0038813874
-1	-1	0.115908355
-1	-1	0.06504785
1	1	0.9697104
1	1	0.99906725
-1	-1	0.473328
1	1	0.9964301
1	1	0.9894924
1	1	0.99582183
1	1	0.95351607
-1	-1	0.0021136869
1	1	0.99466765
1	-1	0.0348247
-1	-1	0.010067052
1	1	0.9614187
1	1	0.98879635
-1	-1	0.0027363524
-1	-1	0.08347398
1	1	0.9818522
1	1	0.99540675
-1	-1	0.0038326713
1	1	0.9992513
1	1	0.98746675
1	1	0.99664825
1	1	0.99750274
1	1	0.9989956
1	1	0.99826604
1	1	0.98261607
-1	-1	0.12554714
1	1	0.99882275
1	1	0.98108506
-1	1	0.787113
-1	-1	0.048024744
-1	-1	0.002494966
1	1	0.9957153
-1	-1	0.0019549688
-1	-1	0.002870536
1	1	0.9944159
1	1	0.99513215
1	1	0.99406403
-1	-1	0.0027567986
1	1	0.9638236
-1	-1	0.0037742855
-1	-1	0.20457533
-1	-1	0.12757237
1	1	0.9974849
1	-1	0.4694086
1	-1	0.08912492
-1	-1	0.0044594165
-1	-1	0.0019862063
-1	-1	0.0024671557
1	1	0.9412956
-1	-1	0.0028602171
1	1	0.998968
1	1	0.9767967
-1	-1	0.008996858
1	1	0.9968002
1	1	0.9952683
1	1	0.9947277
1	1	0.958545
-1	-1	0.0030884715
1	1	0.99246466
1	1	0.9953949
-1	-1	0.002944383
1	1	0.9911151
1	1	0.9948618
1	1	0.7078175
1	1	0.98733693
1	1	0.90088075
-1	-1	0.115329415
1	1	0.994772
-1	-1	0.0039450247
1	1	0.965357
1	1	0.9978022
-1	-1	0.26436114
1	1	0.88539034
1	1	0.98988944
-1	-1	0.009781012
1	1	0.9856948
1	1	0.9984231
1	1	0.9870319
-1	-1	0.005383758
-1	-1	0.30070925
1	1	0.9958204
-1	-1	0.0024534771
-1	-1	0.0019532002
-1	-1	0.43246982
-1	-1	0.003906011
1	1	0.9665023
-1	-1	0.0036856194
-1	-1	0.0026166355
-1	-1	0.0017733139
1	-1	0.43735957
1	1	0.9480846
1	1	0.9979196
1	1	0.9887983
-1	-1	0.003703338
1	1	0.9986463
-1	-1	0.0040747058
-1	-1	0.0026100408
1	1	0.9966067
-1	-1	0.009018473
-1	-1	0.18840742
1	1	0.99029094
-1	-1	0.002755268
-1	-1	0.0021370375
-1	-1	0.0024275237
1	1	0.94288504
-1	-1	0.22861569
-1	-1	0.21049117
-1	-1	0.027597526
-1	-1	0.39010575
-1	-1	0.047088724
-1	-1	0.07944327
-1	-1	0.0057268403
-1	-1	0.08819931
-1	-1	0.024290724
1	1	0.99633384
-1	-1	0.091253296
-1	-1	0.09705961
1	1	0.97851676
1	1	0.98893565
1	1	0.99826765
-1	-1	0.08792237
1	1	0.98239833
-1	-1	0.013520326
-1	-1	0.003364375
-1	-1	0.069774605
-1	-1	0.056207843
-1	-1	0.0027523402
-1	-1	0.003355076
-1	-1	0.0031802624
-1	-1	0.0035855628
-1	-1	0.007064263
1	1	0.9976693
-1	-1	0.0032154096
1	1	0.96368587
-1	-1	0.0038742071
1	1	0.98484516
1	1	0.99758077
1	1	0.9553242
-1	-1	0.0028241214
1	1	0.9974414
-1	-1	0.0037002268
-1	-1	0.0029632933
1	1	0.99436814
-1	1	0.7254361
1	1	0.99828243
1	-1	0.48547235
-1	-1	0.0043074912
1	1	0.9989243
1	1	0.9793712
1	1	0.9887376
1	1	0.968593
-1	-1	0.005358016
-1	-1	0.0026423675
-1	-1	0.0021406892
-1	-1	0.032741483
-1	-1	0.004257578
1	1	0.99054015
1	1	0.91958874
1	1	0.8851529
1	-1	0.050801367
1	1	0.7422681
-1	-1	0.14305884
1	1	0.99576974
-1	-1	0.0025024086
1	1	0.999265
1	1	0.9982331
-1	-1	0.0020297107
1	-1	0.20217182
1	1	0.9985056
-1	-1	0.0019633987
1	1	0.9738079
-1	-1	0.1426678
1	1	0.95861995
1	1	0.98839206
-1	-1	0.31682828
1	1	0.93991625
1	1	0.9907006
1	1	0.9876587
-1	-1	0.0027836314
1	1	0.9774187
1	1	0.99885595
1	1	0.99478614
1	1	0.9968368
1	1	0.9939903
1	1	0.96843976
1	1	0.999121
1	1	0.99245244
-1	-1	0.0029549114
-1	-1	0.0030069104
1	1	0.9613147
1	1	0.99936086
-1	-1	0.002464751
1	1	0.89011157
-1	-1	0.0033126175
1	1	0.9991258
-1	-1	0.0022644752
-1	-1	0.0049028364
1	1	0.9888031
1	1	0.97561955
-1	-1	0.16930062
1	1	0.702084
1	1	0.96452224
1	1	0.99508685
1	1	0.9582149
-1	-1	0.2131629
1	1	0.978667
-1	-1	0.05798212
-1	-1	0.056213044
1	1	0.8149005
-1	-1	0.0029725311
1	1	0.99849963
-1	-1	0.0037082196
-1	-1	0.0028329364
1	1	0.610027
-1	-1	0.4283098
-1	-1	0.0023239786
-1	-1	0.0022747102
1	1	0.95211196
-1	-1	0.0033151833
1	1	0.9492159
1	1	0.9938361
-1	-1	0.002028459
1	1	0.9989642
-1	-1	0.0033439966
-1	-1	0.003597959
-1	-1	0.028373696
-1	-1	0.0030607588
-1	-1	0.0028539544
-1	-1	0.4699553
-1	-1	0.05210235
-1	-1	0.0037938554
1	1	0.98180676
1	1	0.9920324
1	1	0.9957474
-1	-1	0.001216581
1	1	0.9501494
1	1	0.60344756
1	1	0.5866775
1	1	0.77601486
1	1	0.9688625
1	1	0.92154324
1	1	0.99489874
1	1	0.9405368
1	1	0.99666685
-1	-1	0.0024759043
1	1	0.99763274
1	1	0.99383295
1	1	0.982851
-1	-1	0.003800172
1	1	0.9561275
1	1	0.99509144
-1	-1	0.009586114
1	1	0.99754333
-1	-1	0.0030862114
-1	-1	0.26575512
1	1	0.99072814
-1	-1	0.0025806932
1	1	0.99470913
1	1	0.9926273
1	1	0.992335
1	1	0.9636231
-1	-1	0.023054302
1	1	0.99424404
-1	-1	0.002398656
-1	-1	0.0026407721
-1	1	0.7714345
1	1	0.9900469
-1	-1	0.0032302146
1	1	0.9977191
1	1	0.9388749
1	1	0.9972916
1	-1	0.29410112
1	1	0.9962645
-1	-1	0.012193489
-1	-1	0.004487038
1	1	0.9144137
-1	-1	0.0023851818
-1	-1	0.005114049
1	1	0.960835
1	1	0.96069324
-1	-1	0.053721752
-1	-1	0.4198859
1	1	0.9857452
1	1	0.9954804
-1	-1	0.0032079297
-1	-1	0.27525428
1	1	0.99853075
1	1	0.98521477
1	1	0.9813758
1	1	0.99441
-1	-1	0.0051098396
1	1	0.9805156
1	1	0.99852717
-1	-1	0.0033659986
1	-1	0.46081316
-1	-1	0.22032008
1	1	0.99635303
1	1	0.9990632
1	1	0.99793506
-1	1	0.8405864
1	1	0.99020046
1	1	0.9971085
1	1	0.99807394
-1	-1	0.0038281372
1	1	0.9974355
1	1	0.9905323
-1	-1	0.08715157
-1	-1	0.0014235297
-1	-1	0.0037856936
1	1	0.99865615
-1	-1	0.0044387644
-1	-1	0.1543285
-1	-1	0.006022651
1	1	0.9935301
-1	-1	0.12707736
1	1	0.99821883
1	1	0.9389755
1	1	0.9984736
1	1	0.895321
1	1	0.9923322
-1	-1	0.0030571965
1	1	0.9990994
-1	-1	0.005125003
1	1	0.99702793
-1	-1	0.057472803
1	1	0.945153
1	1	0.90795237
1	1	0.84300435
-1	-1	0.052353717
1	1	0.9947495
1	1	0.96797746
-1	-1	0.002891032
-1	-1	0.0032008733
1	1	0.99601054
1	1	0.9979963
-1	-1	0.06421181
-1	-1	0.3444147
1	1	0.999111
-1	-1	0.003900784
-1	-1	0.0033132283
-1	-1	0.0029132664
1	1	0.9944794
-1	-1	0.0024440505
-1	-1	0.0032472278
-1	-1	0.3205692
-1	-1	0.0042197616
1	1	0.8318322
-1	-1	0.008835788
1	1	0.9976234
1	-1	0.12569194
1	-1	0.4875056
-1	-1	0.027066162
1	1	0.95490646
1	1	0.9958995
1	1	0.99740785
1	1	0.9365039
1	1	0.85082984
1	1	0.99772435
1	1	0.99778014
-1	-1	0.0032437271
-1	-1	0.0033013271
-1	-1	0.3425593
1	1	0.9987226
1	1	0.96244895
-1	-1	0.041105576
-1	-1	0.0027239758
-1	-1	0.0043827486
-1	-1	0.41929397
-1	-1	0.0023997107
-1	-1	0.0027470237
-1	-1	0.0039222348
1	-1	0.3289797
1	1	0.98586327
1	1	0.9246632
-1	-1	0.012719139
-1	-1	0.0023673275
-1	-1	0.0035673177
-1	-1	0.004143882
-1	-1	0.0028417795
1	1	0.89232403
-1	-1	0.0019032757
-1	-1	0.0023795813
1	1	0.9867258
1	1	0.99491715
1	1	0.9891026
1	1	0.99932706
1	1	0.9621827
-1	-1	0.003858192
1	1	0.9996581
-1	-1	0.002654655
-1	-1	0.14453731
1	1	0.9782202
-1	-1	0.0018703814
1	1	0.8986192
-1	-1	0.003207872
-1	-1	0.0029569552
1	1	0.99770725
-1	-1	0.11057091
1	1	0.9521181
-1	1	0.7273507
1	1	0.9812236
1	1	0.9736121
1	1	0.9991442
1	1	0.992829
1	1	0.99465275
1	1	0.8758345
-1	-1	0.0034526603
1	1	0.99840873
-1	-1	0.0029127293
-1	-1	0.0023392343
1	1	0.9752787
-1	-1	0.004015263
1	1	0.998094
-1	-1	0.17006025
-1	-1	0.08297506
-1	-1	0.0026419568
1	1	0.9921902
-1	-1	0.003931064
-1	-1	0.0023631274
1	1	0.9959984
1	1	0.9954802
-1	-1	0.002108923
1	1	0.99615735
1	1	0.99231803
1	1	0.9932594
-1	-1	0.0031529225
-1	-1	0.0033425956
1	1	0.99799746
1	1	0.99113995
1	-1	0.16222115
1	1	0.9101173
1	1	0.779097
-1	-1	0.05523181
-1	-1	0.0036654288
-1	1	0.9561613
1	1	0.9968546
1	1	0.9940499
1	1	0.9968008
-1	-1	0.01521241
1	1	0.9683359
-1	-1	0.22461697
-1	-1	0.0030477932
1	1	0.9849585
1	1	0.98585826
-1	-1	0.003081538
1	1	0.94985604
1	1	0.9960675
-1	-1	0.00203977
1	1	0.9749171
-1	-1	0.031051634
1	1	0.9955863
1	1	0.9976942
-1	-1	0.0023694786
1	1	0.9987998
1	1	0.9792163
1	1	0.99886984
1	1	0.9083772
1	1	0.99448377
-1	-1	0.055864025
-1	-1	0.0015156458
1	1	0.9612688
1	1	0.9882946
-1	-1	0.008255565
1	1	0.98999083
-1	-1	0.0033226947
-1	-1	0.0032288865
1	1	0.86758095
1	1	0.9936941
1	1	0.99783
-1	-1	0.0018427864
-1	-1	0.0022961942
1	1	0.9988513
1	1	0.99768543
-1	-1	0.48267576
1	1	0.98218405
-1	-1	0.00342653
1	1	0.9903082
1	1	0.99663013
-1	-1	0.0031932767
-1	-1	0.003616589
1	1	0.9988218
1	1	0.8689378
1	1	0.991704
-1	-1	0.0031051165
-1	-1	0.0037017975
-1	-1	0.017144734
-1	-1	0.0154627785
-1	-1	0.00313376
-1	-1	0.47375277
-1	-1	0.0062342416
-1	-1	0.0025340987
-1	-1	0.09218686
-1	-1	0.08892903
-1	-1	0.002294939
1	1	0.99576664
-1	-1	0.0028742289
1	1	0.98717403
1	1	0.997844
-1	1	0.89139944
-1	-1	0.0037933204
1	1	0.59303844
-1	-1	0.0023265593
1	1	0.9934022
-1	-1	0.16007422
1	-1	0.056275934
1	1	0.99653083
1	1	0.9189592
1	1	0.9973242
1	1	0.9989524
1	1	0.99739033
1	1	0.9819756
1	1	0.99813133
1	-1	0.2730535
-1	-1	0.04191139
-1	-1	0.0031487562
-1	-1	0.013987432
1	1	0.9968575
-1	-1	0.057671588
-1	-1	0.044373833
-1	-1	0.0024527179
1	1	0.99522924
1	1	0.99453604
-1	-1	0.16112216
1	1	0.9945581
1	1	0.9988758
1	1	0.9921225
1	1	0.9797177
-1	-1	0.0029190786
1	1	0.8646611
-1	-1	0.002204169
1	1	0.50303185
-1	-1	0.0020698693
-1	-1	0.011134286
1	1	0.99674845
-1	-1	0.30259055
-1	-1	0.0049809604
-1	-1	0.018902335
-1	-1	0.0019775284
-1	-1	0.47269586
-1	-1	0.0020838708
1	1	0.99090135
-1	-1	0.0025666114
1	1	0.953274
-1	-1	0.0032780063
-1	-1	0.0040102135
1	1	0.992751
1	1	0.993658
1	1	0.9873613
-1	-1	0.00244401
1	1	0.99179256
1	1	0.9559034
-1	-1	0.0021004092
1	1	0.9868031
1	1	0.9967456
-1	-1	0.026744485
1	1	0.99344385
1	1	0.8924502
-1	-1	0.0022967795
-1	-1	0.020945499
1	1	0.9234615
1	1	0.99600595
1	1	0.96882623
-1	-1	0.0022811617
1	1	0.99817634
1	1	0.98944503
-1	-1	0.0028488622
-1	1	0.8852306
1	1	0.99910814
1	1	0.9870121
1	1	0.9914346
1	1	0.9988937
1	1	0.999183
1	1	0.9981907
-1	-1	0.0025356612
1	-1	0.3492487
-1	-1	0.0032617503
1	1	0.92574215
1	1	0.98716927
1	1	0.9511217
-1	-1	0.36552402
-1	-1	0.0044374205
1	1	0.9980818
-1	-1	0.15512392
1	1	0.9905171
-1	-1	0.06367347
-1	-1	0.005436253
-1	-1	0.0020090654
1	1	0.99783
1	1	0.99928766
-1	-1	0.1747105
-1	-1	0.0021524727
1	1	0.9982644
1	1	0.99416566
1	1	0.9987884
1	1	0.9937219
1	1	0.99211496
-1	-1	0.42981407
1	-1	0.3494402
1	1	0.994575
1	1	0.99878794
-1	-1	0.11014496
1	1	0.9750328
1	1	0.9943135
-1	-1	0.019762529
1	1	0.9981913
1	1	0.9982609
1	1	0.9980444
1	1	0.9800181
1	1	0.99879223
-1	-1	0.002826502
-1	-1	0.018092485
1	1	0.9865159
1	1	0.9920547
-1	-1	0.4610754
-1	-1	0.0032497514
1	1	0.99306583
-1	1	0.6464858
-1	-1	0.003949513
-1	-1	0.002654599
-1	-1	0.0032130997
1	1	0.59616196
1	1	0.9891046
1	1	0.98379123
-1	-1	0.14823997
-1	-1	0.0026810544
-1	-1	0.0037323993
-1	-1	0.052323822
-1	-1	0.0034705175
-1	-1	0.003558699
-1	-1	0.18968886
1	1	0.9883873
-1	-1	0.289502
1	1	0.9990018
-1	-1	0.13996439
-1	-1	0.015901234
-1	-1	0.00272673
-1	-1	0.0024544296
-1	-1	0.0514376
-1	-1	0.0031232093
1	1	0.914889
-1	1	0.54952544
1	1	0.9985103
-1	-1	0.3390584
-1	-1	0.007641263
1	1	0.9909731
-1	-1	0.025289599
-1	-1	0.001114529
1	-1	0.48021483
1	1	0.99034697
-1	-1	0.003450833
1	1	0.9980209
1	1	0.9809466
1	1	0.97528094
-1	-1	0.003302375
1	1	0.99844474
1	1	0.83338463
1	1	0.99721354
1	1	0.9926305
1	1	0.99949396
-1	-1	0.003332134
-1	-1	0.0032364326
1	1	0.9624045
-1	-1	0.08770883
-1	-1	0.026267277
1	1	0.9989128
-1	-1	0.00279293
1	1	0.9990295
1	1	0.95780176
-1	-1	0.03564632
-1	-1	0.0030351633
1	1	0.9886952
-1	-1	0.0023075875
-1	-1	0.003353412
1	1	0.9924009
-1	-1	0.10729917
1	1	0.9959927
1	1	0.9785285
1	1	0.9945229
-1	-1	0.0028258113
1	1	0.90838504
-1	-1	0.30670086
1	1	0.99821585
1	1	0.8903926
1	1	0.993054
1	1	0.98852277
-1	1	0.5711177
-1	-1	0.27135718
1	1	0.9147039
-1	-1	0.002699874
1	1	0.99746454
1	1	0.9880854
-1	-1	0.0028816576
-1	-1	0.0049926247
-1	-1	0.0022474444
1	1	0.926366
-1	-1	0.0031991985
1	1	0.9762874
1	1	0.9973973
-1	-1	0.003206479
-1	-1	0.0028645315
1	1	0.99011046
1	1	0.99819833
1	1	0.99828607
-1	-1	0.0031211227
1	1	0.99571735
1	1	0.9831267
-1	-1	0.20636687
1	1	0.9969465
1	1	0.99735755
-1	-1	0.004088015
1	1	0.9851688
1	1	0.5701914
-1	-1	0.0025278267
-1	-1	0.2925879
1	1	0.98015827
1	1	0.9630476
-1	-1	0.00515655
-1	-1	0.0020652215
-1	-1	0.003011304
-1	-1	0.0028996358
-1	-1	0.0053250045
1	1	0.9988864
1	1	0.9957106
1	1	0.6997918
1	1	0.9809816
1	1	0.99589455
1	1	0.9969066
-1	1	0.93357915
1	1	0.99847084
-1	-1	0.24035172
-1	-1	0.15082747
-1	-1	0.005270738
-1	-1	0.3105682
1	1	0.896534
1	1	0.99275875
-1	-1	0.0024246294
1	1	0.92580855
-1	-1	0.022729414
1	1	0.9954986
-1	-1	0.024341714
-1	-1	0.002560966
1	1	0.99511814
-1	-1	0.0070705903
1	1	0.99662614
-1	-1	0.0024886914
-1	1	0.5447231
-1	1	0.6151997
1	1	0.99880743
-1	-1	0.011451861
1	1	0.9989272
1	1	0.9897572
-1	-1	0.0036342647
-1	-1	0.3054742
1	1	0.78226954
1	1	0.97331357
-1	-1	0.0057333335
1	1	0.96518064
-1	-1	0.005034771
1	1	0.99182934
-1	-1	0.0069457125
-1	-1	0.41462222
1	1	0.9862336
-1	-1	0.0025489333
-1	-1	0.003215092
1	1	0.9923963
-1	-1	0.0019701107
-1	-1	0.0023006464
1	1	0.9959194
-1	-1	0.0027751548
1	1	0.9896074
1	1	0.96969193
1	1	0.9955848
1	1	0.9977592
1	1	0.9980209
1	1	0.782925
-1	1	0.9165819
1	1	0.8827139
-1	-1	0.002849989
-1	-1	0.0052251946
1	1	0.9975688
1	1	0.99949396
-1	-1	0.030747026
1	1	0.9951892
-1	-1	0.0025979835
1	1	0.9985292
1	1	0.9964045
-1	1	0.6836015
1	1	0.99611616
1	1	0.99189305
1	1	0.9227518
-1	-1	0.0032406328
1	1	0.9700043
1	1	0.8694662
-1	-1	0.0032693893
1	1	0.9710373
-1	-1	0.1222895
-1	-1	0.22420402
-1	-1	0.08549468
1	1	0.9949941
1	1	0.9698999
1	1	0.94139034
1	1	0.9984113
-1	-1	0.002820691
1	1	0.99385923
1	1	0.98883855
1	1	0.9937391
1	1	0.884828
1	1	0.99773043
-1	-1	0.10994438
1	1	0.99502414
1	1	0.9838446
-1	-1	0.032466393
1	1	0.9947495
-1	-1	0.05311277
-1	1	0.7696811
-1	-1	0.010768587
1	1	0.95078623
1	1	0.9907749
-1	-1	0.1688951
-1	-1	0.0029472203
1	1	0.99919385
1	1	0.99806327
1	1	0.9947495
-1	-1	0.0036470399
1	1	0.9455573
1	1	0.91737676
1	1	0.99793977
1	1	0.99913496
-1	-1	0.0031903519
1	1	0.92923677
-1	-1	0.0015598759
1	1	0.99798584
-1	1	0.7243773
-1	-1	0.0038418795
1	1	0.9323678
1	1	0.99873
-1	-1	0.0033065947
1	1	0.99584985
1	1	0.9992054
1	1	0.9982021
1	1	0.99888676
-1	-1	0.0043916735
1	1	0.99808335
-1	-1	0.0023491727
1	1	0.9948244
1	1	0.9921893
-1	-1	0.21346915
-1	-1	0.0022828355
1	1	0.98594934
1	1	0.91813594
1	1	0.9914693
-1	-1	0.068592325
1	1	0.9938466
1	1	0.9954802
-1	-1	0.0027412584
1	1	0.78555274
1	1	0.8387614
-1	-1	0.0029514688
-1	-1	0.01209215
1	1	0.9620443
-1	-1	0.0052167247
1	1	0.8500406
1	1	0.98422086
-1	-1	0.008321257
-1	-1	0.0031990195
-1	-1	0.09808741
1	1	0.9980094
-1	-1	0.0030753843
-1	-1	0.03798021
1	1	0.991871
-1	-1	0.2863525
-1	-1	0.0028134421
1	1	0.95628035
1	1	0.99826765
1	1	0.9929438
1	1	0.93542117
1	1	0.98320264
-1	-1	0.0027329181
-1	-1	0.0025269096
1	1	0.9935719
1	1	0.9845664
1	1	0.991622
1	1	0.99901307
-1	-1	0.44166315
1	1	0.99026555
-1	-1	0.003767119
1	1	0.9939412
-1	-1	0.010158183
1	1	0.92747295
-1	1	0.8262775
-1	-1	0.002701451
1	1	0.9892685
1	-1	0.35434338
1	1	0.99103796
1	1	0.9908242
1	1	0.9872996
1	1	0.81525326
-1	-1	0.0026721288
-1	-1	0.013691776
-1	-1	0.0042621647
-1	-1	0.0035309317
-1	-1	0.0020478687
1	1	0.98765266
1	1	0.9972023
1	1	0.9925761
-1	-1	0.002828079
-1	-1	0.17154211
1	1	0.98422086
-1	-1	0.23242888
-1	-1	0.004392983
1	1	0.9364188
-1	-1	0.0032827365
1	1	0.9142485
1	1	0.99675035
1	1	0.99811965
-1	-1	0.09379089
-1	-1	0.0065971366
1	1	0.98306817
-1	-1	0.003136957
-1	-1	0.0023104697
-1	-1	0.001773043
1	1	0.9924447
-1	-1	0.0025895713
1	1	0.98812604
-1	-1	0.01468705
1	1	0.99859494
1	1	0.9988632
-1	-1	0.0028855582
1	1	0.9933426
-1	-1	0.1521137
1	1	0.9875546
1	1	0.99857056
-1	-1	0.0026381812
-1	-1	0.06524017
1	1	0.99793774
1	1	0.9838303
-1	-1	0.1436041
-1	-1	0.0022916237
1	1	0.9897099
-1	-1	0.2584182
-1	-1	0.0030050303
1	1	0.9905183
-1	-1	0.20467623
1	1	0.9880322
-1	-1	0.0028204112
1	1	0.9985708
1	1	0.9986771
-1	1	0.8068157
1	1	0.9506188
1	1	0.9957432
-1	-1	0.07449322
-1	-1	0.0020755425
-1	-1	0.0033821496
-1	-1	0.0028495311
1	1	0.9405715
-1	-1	0.002375711
-1	-1	0.0028713876
1	1	0.9864081
-1	-1	0.06700789
1	1	0.97411627
1	1	0.88960606
-1	-1	0.42632875
1	1	0.8339411
1	1	0.984991
-1	-1	0.17788
1	1	0.93439656
1	1	0.9962214
1	1	0.98351526
-1	-1	0.0032939515
-1	-1	0.003279097
1	1	0.98521477
1	1	0.9912924
1	1	0.9908591
-1	-1	0.0032314663
-1	-1	0.0030197648
1	1	0.9880386
-1	-1	0.15611267
1	1	0.78301054
1	1	0.9972422
1	1	0.9708309
1	1	0.9943567
1	1	0.9917229
-1	-1	0.103361286
-1	-1	0.06669909
1	1	0.98692685
-1	-1	0.04560073
-1	-1	0.05798155
-1	-1	0.0020457786
-1	-1	0.024473086
-1	-1	0.0032947029
1	1	0.9891017
1	1	0.92612994
-1	-1	0.0027430686
1	1	0.9965585
1	1	0.9872022
1	1	0.99252534
1	1	0.9756119
-1	1	0.6374891
1	1	0.8176769
-1	-1	0.033220354
1	1	0.9954998
-1	-1	0.14982063
1	1	0.9936318
-1	-1	0.055082098
1	1	0.9969097
1	1	0.9962859
-1	-1	0.0022422206
1	1	0.9902872
-1	-1	0.00390591
-1	-1	0.03689915
-1	-1	0.0031570797
1	1	0.9710759
-1	-1	0.1078295
1	1	0.99373263
1	1	0.9988519
1	1	0.9958467
1	1	0.9872383
-1	-1	0.29189748
-1	-1	0.0037213492
-1	-1	0.0023473687
1	1	0.9817376
1	1	0.9986695
1	1	0.8902791
-1	-1	0.045941807
-1	-1	0.33626434
1	1	0.78595996
-1	-1	0.005099717
1	1	0.9987243
-1	-1	0.1534749
1	1	0.8835945
-1	-1	0.0016111011
1	1	0.99536175
-1	1	0.56701773
-1	-1	0.425399
-1	-1	0.0019606545
-1	-1	0.35850546
1	1	0.99947363
1	1	0.9448828
1	1	0.9946438
-1	-1	0.0036263722
-1	-1	0.34293318
1	1	0.934815
1	1	0.9713733
-1	-1	0.071285665
-1	-1	0.0028652302
-1	-1	0.002846785
-1	-1	0.0032999683
-1	-1	0.002826666
1	1	0.9966504
1	1	0.9849054
-1	-1	0.00313278
1	1	0.7512746
-1	-1	0.111250706
-1	-1	0.13306446
1	1	0.97388893
-1	-1	0.0028493637
1	1	0.9962304
1	1	0.99204797
-1	1	0.8701411
1	1	0.9856103
1	1	0.9988519
-1	-1	0.00235285
1	1	0.8961205
1	1	0.99481285
-1	-1	0.0028596893
-1	-1	0.19825053
-1	-1	0.0026805163
1	1	0.98813534
-1	1	0.87527835
1	1	0.9209701
1	1	0.9858791
1	1	0.9391179
1	1	0.9967744
1	1	0.95436305
-1	-1	0.47959965
1	1	0.97951484
-1	-1	0.1741807
-1	-1	0.16240653
-1	-1	0.17294003
-1	-1	0.137853
1	1	0.9956781
-1	-1	0.0034271257
-1	-1	0.0036478532
1	1	0.99307525
1	1	0.9991548
-1	-1	0.0030250554
-1	-1	0.0028475756
-1	-1	0.0042770207
1	1	0.9910978
1	1	0.99897873
-1	-1	0.00706435
-1	-1	0.0026519746
1	1	0.9915308
1	1	0.98375535
-1	-1	0.0019621116
-1	-1	0.2845255
1	1	0.9990858
-1	-1	0.09991602
-1	-1	0.17593831
-1	-1	0.010375176
1	1	0.953274
1	1	0.87537736
-1	-1	0.0033706788
1	1	0.9685744
1	1	0.99892455
1	-1	0.42054382
-1	-1	0.04329832
1	1	0.9955041
-1	-1	0.0043430217
1	1	0.98991334
1	1	0.8596925
-1	-1	0.0027732234
1	1	0.9948244
-1	-1	0.031108111
1	1	0.999236
-1	-1	0.0035974362
-1	-1	0.0019289918
1	1	0.99854076
-1	-1	0.0036135814
1	1	0.98453695
1	1	0.99878854
-1	-1	0.0048629614
-1	-1	0.1418868
1	1	0.9962214
1	1	0.9919389
-1	-1	0.0034824577
-1	-1	0.0029215198
-1	-1	0.025720775
1	1	0.79042506
-1	-1	0.0034562503
1	1	0.96799314
-1	-1	0.0026886438
-1	-1	0.172118
-1	-1	0.002599417
-1	-1	0.27631924
-1	-1	0.004591501
-1	1	0.6116503
1	1	0.9974446
1	1	0.8998141
-1	-1	0.25386795
1	1	0.99689376
1	1	0.99708074
-1	-1	0.002690267
1	1	0.9737466
1	1	0.9076405
-1	-1	0.002556924
1	1	0.9879892
-1	1	0.9651541
1	1	0.9986474
-1	-1	0.029740721
-1	-1	0.044096038
-1	-1	0.43637133
1	1	0.9403511
-1	-1	0.095324494
-1	-1	0.065337434
-1	-1	0.08635871
-1	-1	0.0033945802
1	1	0.99879116
-1	1	0.9864863
-1	-1	0.009261807
1	1	0.80502814
-1	-1	0.002234626
1	1	0.99633235
1	1	0.96595055
1	1	0.9955611
-1	-1	0.050391957
1	1	0.9859321
1	1	0.94702303
1	1	0.8711746
1	1	0.99426264
1	1	0.983336
-1	-1	0.0025737993
-1	-1	0.0024670945
-1	-1	0.18103701
1	1	0.9863093
1	1	0.99518955
-1	-1	0.0026699696
1	1	0.99675816
1	1	0.99393564
1	1	0.9884958
1	1	0.986326
-1	-1	0.008400136
-1	-1	0.002816681
-1	-1	0.0023539201
-1	-1	0.02256663
1	1	0.99771166
-1	1	0.900346
-1	-1	0.0029579827
1	1	0.99466914
-1	-1	0.20380476
1	1	0.9748239
1	1	0.9964141
-1	-1	0.0027957093
1	1	0.982544
1	1	0.9490503
1	1	0.9976634
-1	-1	0.119413435
-1	1	0.73287106
-1	-1	0.34922376
1	1	0.9979679
-1	-1	0.0044460488
-1	-1	0.0316645
1	1	0.986668
-1	-1	0.038548056
1	1	0.88046026
-1	-1	0.003491372
1	1	0.9956885
1	1	0.935799
-1	-1	0.0027087051
-1	-1	0.14456974
1	1	0.99827945
1	1	0.9942973
-1	-1	0.009036773
1	1	0.9969855
-1	-1	0.004817974
1	1	0.99774265
1	1	0.9973949
1	1	0.9976418
-1	-1	0.0027522838
1	1	0.9947653
1	1	0.9967714
1	1	0.9838711
-1	-1	0.002481318
-1	-1	0.0024090663
1	1	0.91958654
1	1	0.98397636
1	1	0.9954906
1	1	0.9891071
1	1	0.97595984
1	1	0.8994166
-1	1	0.83682746
1	1	0.9636643
1	1	0.8816925
-1	-1	0.25247997
-1	-1	0.0025709756
1	1	0.96991616
-1	-1	0.0030222868
1	1	0.98429734
-1	-1	0.0017655712
-1	-1	0.0036382177
1	1	0.9947825
1	1	0.98312044
-1	1	0.7507954
1	-1	0.42519477
1	1	0.9983119
-1	-1	0.002383238
-1	-1	0.0030178474
1	1	0.98260385
-1	-1	0.0032612958
-1	-1	0.0038615367
-1	-1	0.17484044
-1	-1	0.0032377297
-1	-1	0.003453576
1	1	0.85914856
1	1	0.9842166
-1	-1	0.009742855
1	1	0.9810098
1	1	0.9986358
1	1	0.9747422
-1	1	0.5137483
-1	-1	0.0038205364
-1	-1	0.0024739502
1	1	0.99456644
1	1	0.9875185
1	1	0.99775404
1	1	0.9990994
-1	-1	0.0022056617
-1	-1	0.009501823
-1	-1	0.0030678296
1	1	0.9968923
-1	-1	0.38726828
-1	-1	0.0030018087
-1	-1	0.0033323902
-1	-1	0.020284548
-1	-1	0.0031352066
1	1	0.9156263
1	1	0.9875365
-1	-1	0.0038176118
-1	-1	0.002932437
1	1	0.9966588
-1	-1	0.0026544163
1	1	0.9468159
1	1	0.6858182
1	1	0.9993436
1	1	0.99781585
1	1	0.9958788
1	1	0.98685974
1	1	0.99711275
-1	-1	0.47645265
-1	-1	0.008843425
-1	-1	0.0033773987
-1	-1	0.005473784
1	-1	0.14595026
-1	-1	0.0033330543
-1	-1	0.004866875
1	1	0.9847425
-1	-1	0.0029625103
1	1	0.9986388
-1	-1	0.0024190478
1	1	0.9465255
1	1	0.9851688
-1	-1	0.0025537142
1	1	0.98837286
1	1	0.6486978
1	1	0.9984719
-1	-1	0.0245121
-1	-1	0.0032737616
-1	-1	0.0044672517
-1	-1	0.002732778
-1	-1	0.4126361
-1	-1	0.0017958842
1	1	0.9621101
-1	-1	0.009516326
-1	-1	0.0049590794
1	1	0.9249417
1	1	0.9996319
-1	-1	0.0040128957
1	1	0.5789689
-1	1	0.6045498
1	1	0.9876797
1	1	0.8922415
1	-1	0.48700967
1	1	0.9545542
-1	1	0.97902405
-1	-1	0.0028937769
1	1	0.9932594
1	1	0.9693189
1	1	0.97443306
1	1	0.9648058
1	1	0.99317414
-1	-1	0.0022608237
1	1	0.9194187
1	1	0.97391856
-1	-1	0.0026044382
1	1	0.98720795
-1	-1	0.018769989
-1	-1	0.08442863
1	1	0.9837241
1	1	0.9973647
1	1	0.99855894
-1	-1	0.0029388433
-1	-1	0.032021258
-1	-1	0.017261228
1	1	0.99829894
1	1	0.97191995
1	1	0.92528194
-1	1	0.6463201
-1	-1	0.0036555573
1	1	0.98236763
-1	-1	0.21137127
-1	-1	0.0031538187
1	1	0.6753402
-1	-1	0.06775982
1	1	0.9604324
1	1	0.9974022
-1	-1	0.003393145
1	1	0.98559964
-1	-1	0.06370317
-1	-1	0.0050921957
1	1	0.99689937
1	1	0.9991573
1	1	0.9932997
-1	-1	0.05338871
1	1	0.999215
-1	1	0.61129385
-1	-1	0.0017031239
1	1	0.9609917
-1	-1	0.0041084406
-1	-1	0.0021881068
1	1	0.9749171
1	1	0.97492224
1	1	0.9118206
-1	-1	0.019732453
-1	-1	0.002996657
-1	-1	0.0021483093
1	1	0.9969311
1	1	0.9974733
1	1	0.9848567
1	1	0.9141506
-1	-1	0.23399398
-1	-1	0.002442843
-1	-1	0.012940783
1	1	0.9937977
-1	-1	0.0022931332
-1	-1	0.0034392427
-1	-1	0.0024207365
1	1	0.9819963
1	1	0.62450093
1	1	0.63987726
1	1	0.9939282
-1	-1	0.002416181
-1	-1	0.0029913737
-1	-1	0.11202935
1	1	0.993708
1	1	0.99332124
-1	-1	0.004030058
1	1	0.99800223
-1	-1	0.003728451
1	1	0.9879979
-1	1	0.5487877
-1	-1	0.0019566854
1	1	0.5264121
-1	-1	0.0029379656
1	1	0.98257256
1	1	0.99093986
-1	1	0.79236275
1	1	0.9976131
-1	-1	0.003292643
-1	-1	0.0036458897
-1	-1	0.1649403
1	-1	0.12884995
-1	-1	0.0031196466
1	1	0.9922666
1	1	0.9945117
1	1	0.99770266
1	1	0.99811065
1	1	0.9970837
1	1	0.854634
1	1	0.9853151
-1	-1	0.0034655537
-1	-1	0.023108115
-1	-1	0.0023145138
-1	-1	0.0022046177
1	1	0.9988176
1	1	0.987793
-1	-1	0.2967107
1	1	0.97757816
-1	-1	0.0031526228
1	1	0.8362793
1	1	0.9991585
1	1	0.9772463
-1	-1	0.007987374
1	1	0.97305083
1	1	0.5461441
-1	-1	0.0024673927
-1	-1	0.0034111205
1	1	0.99685836
-1	-1	0.10623916
1	1	0.9979037
1	1	0.9941202
-1	-1	0.0028658146
